nodenumber,    x-coordinate,    y-coordinate,        pressure
         1,-1.619045441E-03, 1.494203437E-02, 7.679127504E+05
         2,-1.721078181E-03, 1.494228842E-02, 7.765879511E+05
         3,-1.516997608E-03, 1.494224307E-02, 7.592484758E+05
         4,-1.823085014E-03, 1.494300496E-02, 7.852913035E+05
         5,-1.414940305E-03, 1.494291471E-02, 7.505548228E+05
         6,-1.312903237E-03, 1.494404906E-02, 7.418387947E+05
         7,-1.925057712E-03, 1.494418354E-02, 7.940120363E+05
         8,-1.210916068E-03, 1.494564537E-02, 7.331322378E+05
         9,-2.026954958E-03, 1.494582303E-02, 8.027359937E+05
        10,-1.109008381E-03, 1.494770241E-02, 7.244326041E+05
        11,-2.128733448E-03, 1.494792150E-02, 8.114573157E+05
        12,-1.007209640E-03, 1.495021842E-02, 7.157385663E+05
        13,-2.230291183E-03, 1.495047468E-02, 8.201749491E+05
        14,-9.055491453E-04, 1.495319116E-02, 7.070861516E+05
        15,-2.331527078E-03, 1.495347651E-02, 8.288829148E+05
        16,-8.040560018E-04, 1.495661789E-02, 6.985125049E+05
        17,-2.432341377E-03, 1.495691919E-02, 8.375710186E+05
        18,-7.027590794E-04, 1.496049536E-02, 6.900286954E+05
        19,-2.532663989E-03, 1.496079438E-02, 8.461882675E+05
        20,-6.016869795E-04, 1.496481989E-02, 6.816327855E+05
        21,-2.633014637E-03, 1.496511929E-02, 8.547259355E+05
        22,-5.008680026E-04, 1.496958729E-02, 6.733390272E+05
        23,-2.733885110E-03, 1.496991904E-02, 8.632857046E+05
        24,-4.003301175E-04, 1.497479292E-02, 6.651507872E+05
        25,-2.835177365E-03, 1.497519561E-02, 8.719407124E+05
        26,-3.001009319E-04, 1.498043170E-02, 6.568990737E+05
        27,-2.936791651E-03, 1.498094918E-02, 8.807012897E+05
        28,-2.001417341E-04, 1.498650225E-02, 6.478448119E+05
        29,-3.038626905E-03, 1.498717807E-02, 8.895727026E+05
        30,-1.001765314E-04, 1.499301994E-02, 6.357875639E+05
        31,-3.140581165E-03, 1.499387874E-02, 8.984588356E+05
        32,-1.951563910E-18, 1.500000000E-02, 6.162669479E+05
        33,-3.242551985E-03, 1.500104582E-02, 9.072661940E+05
        34, 9.674293514E-05, 1.500778187E-02, 5.894881724E+05
        35,-3.344436854E-03, 1.500867205E-02, 9.160232007E+05
        36,-3.446133623E-03, 1.501674840E-02, 9.247772037E+05
        37, 1.940867881E-04, 1.501728045E-02, 5.603315145E+05
        38,-3.547540920E-03, 1.502526405E-02, 9.334978870E+05
        39, 2.917245397E-04, 1.502849725E-02, 5.322050271E+05
        40,-3.648558567E-03, 1.503420647E-02, 9.421454448E+05
        41, 3.893500801E-04, 1.504141445E-02, 5.047283727E+05
        42,-3.749087980E-03, 1.504356151E-02, 9.507522181E+05
        43,-3.849157810E-03, 1.505332596E-02, 9.593115708E+05
        44, 4.865030593E-04, 1.505597002E-02, 4.780523348E+05
        45,-3.948872193E-03, 1.506350506E-02, 9.678118887E+05
        46, 5.830077269E-04, 1.507212127E-02, 4.522939100E+05
        47,-4.048505823E-03, 1.507412451E-02, 9.763007973E+05
        48,-4.148334383E-03, 1.508521513E-02, 9.848025902E+05
        49, 6.793461505E-04, 1.508994200E-02, 4.273456641E+05
        50,-4.248456402E-03, 1.509679182E-02, 9.933143192E+05
        51,-4.348914803E-03, 1.510886456E-02, 1.001844306E+06
        52, 7.758502658E-04, 1.510950984E-02, 4.030578832E+05
        53,-4.449742620E-03, 1.512144289E-02, 1.010396531E+06
        54, 8.724277971E-04, 1.513083053E-02, 3.793960435E+05
        55,-4.550749979E-03, 1.513450767E-02, 1.018944793E+06
        56,-4.651440748E-03, 1.514799460E-02, 1.027450221E+06
        57, 9.686342355E-04, 1.515381776E-02, 3.573670915E+05
        58,-4.751241147E-03, 1.516181936E-02, 1.035872865E+06
        59,-4.850922510E-03, 1.517608271E-02, 1.044266868E+06
        60, 1.063512456E-03, 1.517821797E-02, 3.422232151E+05
        61,-4.951426236E-03, 1.519092509E-02, 1.052700725E+06
        62, 1.166325952E-03, 1.520559806E-02, 3.362252563E+05
        63,-5.052194779E-03, 1.520627258E-02, 1.061128254E+06
        64,-5.152622193E-03, 1.522203332E-02, 1.069510683E+06
        65,-5.252303102E-03, 1.523813715E-02, 1.077818797E+06
        66, 1.288627038E-03, 1.523816785E-02, 3.343776542E+05
        67,-5.351734550E-03, 1.525465848E-02, 1.086086058E+06
        68,-5.451746708E-03, 1.527173856E-02, 1.094372346E+06
        69, 1.440163203E-03, 1.527852318E-02, 3.320545216E+05
        70,-5.552214093E-03, 1.528936425E-02, 1.102667308E+06
        71,-5.652493059E-03, 1.530742560E-02, 1.110923856E+06
        72,-5.751873267E-03, 1.532578822E-02, 1.119088648E+06
        73, 1.626970093E-03, 1.532827139E-02, 3.295578569E+05
        74,-5.851006953E-03, 1.534456577E-02, 1.127209328E+06
        75,-5.950830944E-03, 1.536393999E-02, 1.135350376E+06
        76,-6.050907259E-03, 1.538383373E-02, 1.143478491E+06
        77, 1.858117204E-03, 1.538982778E-02, 3.269707807E+05
        78,-6.150507964E-03, 1.540410197E-02, 1.151544289E+06
        79,-6.249208532E-03, 1.542464991E-02, 1.159516752E+06
        80,-6.347771067E-03, 1.544563022E-02, 1.167449322E+06
        81, 2.127038476E-03, 1.546144373E-02, 3.245214417E+05
        82,-6.446896821E-03, 1.546719649E-02, 1.175389791E+06
        83,-6.546334309E-03, 1.548930157E-02, 1.183318358E+06
        84,-6.645590349E-03, 1.551183818E-02, 1.191200011E+06
        85,-6.743947094E-03, 1.553463706E-02, 1.198985340E+06
        86, 2.413184426E-03, 1.553764676E-02, 3.222046250E+05
        87,-6.841933976E-03, 1.555781339E-02, 1.206713494E+06
        88,-6.940477476E-03, 1.558158912E-02, 1.214446306E+06
        89,-7.039154812E-03, 1.560586869E-02, 1.222153795E+06
        90, 2.703716822E-03, 1.561501793E-02, 3.197976588E+05
        91,-7.137035585E-03, 1.563042000E-02, 1.229773614E+06
        92,-7.234628845E-03, 1.565536454E-02, 1.237339692E+06
        93,-7.332781336E-03, 1.568092230E-02, 1.244906523E+06
        94, 2.994045528E-03, 1.569233487E-02, 3.172953362E+05
        95,-7.430886187E-03, 1.570694060E-02, 1.252431850E+06
        96,-7.528437487E-03, 1.573328262E-02, 1.259882333E+06
        97,-7.626147551E-03, 1.576013956E-02, 1.267307524E+06
        98, 3.284048515E-03, 1.576956505E-02, 3.148829224E+05
        99,-7.723771634E-03, 1.578744643E-02, 1.274690033E+06
       100,-7.821243092E-03, 1.581518465E-02, 1.282025819E+06
       101,-7.919036647E-03, 1.584349239E-02, 1.289343531E+06
       102, 3.574352572E-03, 1.584687542E-02, 3.126412011E+05
       103,-8.016629639E-03, 1.587222111E-02, 1.296606000E+06
       104,-8.113574203E-03, 1.590123465E-02, 1.303785074E+06
       105, 3.864787154E-03, 1.592422055E-02, 3.103883895E+05
       106,-8.210556467E-03, 1.593073577E-02, 1.310926833E+06
       107,-8.307716485E-03, 1.596077063E-02, 1.318039419E+06
       108,-8.404783014E-03, 1.599125803E-02, 1.325106494E+06
       109, 4.155014863E-03, 1.600151058E-02, 3.079138428E+05
       110,-8.501863935E-03, 1.602223331E-02, 1.332133818E+06
       111,-8.598675444E-03, 1.605360612E-02, 1.339101778E+06
       112, 4.445143968E-03, 1.607877436E-02, 3.051836950E+05
       113,-8.694761144E-03, 1.608522321E-02, 1.345982851E+06
       114,-8.790762596E-03, 1.611729176E-02, 1.352817781E+06
       115,-8.887253007E-03, 1.615000848E-02, 1.359640786E+06
       116, 4.735179875E-03, 1.615601331E-02, 3.023045603E+05
       117,-8.983560698E-03, 1.618315015E-02, 1.366409032E+06
       118,-9.079546598E-03, 1.621666737E-02, 1.373114502E+06
       119, 5.025553855E-03, 1.623334230E-02, 2.993702247E+05
       120,-9.175334760E-03, 1.625060180E-02, 1.379763661E+06
       121,-9.270322510E-03, 1.628473467E-02, 1.386319340E+06
       122, 5.315940018E-03, 1.631067453E-02, 2.964127792E+05
       123,-9.365105974E-03, 1.631927489E-02, 1.392818378E+06
       124,-9.460508909E-03, 1.635452818E-02, 1.399309186E+06
       125, 5.606035706E-03, 1.638792941E-02, 2.934190796E+05
       126,-9.555509545E-03, 1.639012109E-02, 1.405730896E+06
       127,-9.649999329E-03, 1.642600838E-02, 1.412080346E+06
       128,-9.744504144E-03, 1.646238845E-02, 1.418388188E+06
       129, 5.896099467E-03, 1.646517578E-02, 2.903579830E+05
       130,-9.838522145E-03, 1.649906698E-02, 1.424623800E+06
       131,-9.932251404E-03, 1.653611778E-02, 1.430800064E+06
       132, 6.186057094E-03, 1.654239389E-02, 2.872126261E+05
       133,-1.002612898E-02, 1.657371513E-02, 1.436940465E+06
       134,-1.012014887E-02, 1.661186153E-02, 1.443043670E+06
       135, 6.476311649E-03, 1.661969108E-02, 2.839656337E+05
       136,-1.021383375E-02, 1.665036451E-02, 1.449084372E+06
       137,-1.030714984E-02, 1.668920736E-02, 1.455062987E+06
       138, 6.766712393E-03, 1.669702719E-02, 2.806020357E+05
       139,-1.040075557E-02, 1.672866630E-02, 1.461016105E+06
       140,-1.049463749E-02, 1.676874303E-02, 1.466939479E+06
       141, 7.057049637E-03, 1.677434640E-02, 2.771254845E+05
       142,-1.058824719E-02, 1.680920636E-02, 1.472804015E+06
       143,-1.068105232E-02, 1.684982046E-02, 1.478581766E+06
       144, 7.347225476E-03, 1.685162262E-02, 2.735800427E+05
       145,-1.077391069E-02, 1.689095764E-02, 1.484318973E+06
       146, 7.637151194E-03, 1.692883223E-02, 2.700343870E+05
       147,-1.086729826E-02, 1.693283652E-02, 1.490036752E+06
       148,-1.096035376E-02, 1.697507554E-02, 1.495690482E+06
       149, 7.927243378E-03, 1.700608617E-02, 2.665634277E+05
       150,-1.105216600E-02, 1.701725134E-02, 1.501236094E+06
       151,-1.114391279E-02, 1.705989738E-02, 1.506734769E+06
       152, 8.217607601E-03, 1.708341256E-02, 2.632092374E+05
       153,-1.123643991E-02, 1.710341585E-02, 1.512226539E+06
       154,-1.132845641E-02, 1.714720506E-02, 1.517645348E+06
       155, 8.508157447E-03, 1.716078838E-02, 2.599521032E+05
       156,-1.141973588E-02, 1.719115017E-02, 1.522985536E+06
       157,-1.151092926E-02, 1.723556102E-02, 1.528277327E+06
       158, 8.798563215E-03, 1.723812584E-02, 2.567486687E+05
       159,-1.160222606E-02, 1.728053341E-02, 1.533529094E+06
       160, 9.088962941E-03, 1.731546168E-02, 2.535486745E+05
       161,-1.169273953E-02, 1.732562820E-02, 1.538697273E+06
       162,-1.178289550E-02, 1.737105137E-02, 1.543806579E+06
       163, 9.379786979E-03, 1.739291052E-02, 2.503242413E+05
       164,-1.187301433E-02, 1.741696443E-02, 1.548870372E+06
       165,-1.196302584E-02, 1.746333391E-02, 1.553885031E+06
       166, 9.670941773E-03, 1.747044745E-02, 2.470695632E+05
       167,-1.205272393E-02, 1.751005360E-02, 1.558841898E+06
       168, 9.962174101E-03, 1.754800502E-02, 2.437700663E+05
       169,-1.214212219E-02, 1.755712892E-02, 1.563741951E+06
       170,-1.223143818E-02, 1.760467480E-02, 1.568595766E+06
       171, 1.025339229E-02, 1.762555883E-02, 2.403991847E+05
       172,-1.232040705E-02, 1.765255022E-02, 1.573390999E+06
       173,-1.240906740E-02, 1.770077399E-02, 1.578131171E+06
       174, 1.054483994E-02, 1.770317374E-02, 2.369411988E+05
       175,-1.249769466E-02, 1.774949673E-02, 1.582828800E+06
       176, 1.083689639E-02, 1.778095079E-02, 2.334059981E+05
       177,-1.258611193E-02, 1.779862289E-02, 1.587475898E+06
       178,-1.267443750E-02, 1.784821943E-02, 1.592077374E+06
       179, 1.112947974E-02, 1.785886815E-02, 2.298291000E+05
       180,-1.276303687E-02, 1.789849720E-02, 1.596648930E+06
       181, 1.142192284E-02, 1.793674816E-02, 2.262597049E+05
       182,-1.285107792E-02, 1.794898549E-02, 1.601154284E+06
       183,-1.293839549E-02, 1.799958216E-02, 1.605590255E+06
       184, 1.171417868E-02, 1.801457830E-02, 2.227307628E+05
       185,-1.302581025E-02, 1.805076121E-02, 1.609990775E+06
       186, 1.200655220E-02, 1.809243978E-02, 2.192533085E+05
       187,-1.311395368E-02, 1.810290409E-02, 1.614381827E+06
       188,-1.320148060E-02, 1.815522037E-02, 1.618704237E+06
       189, 1.229930174E-02, 1.817040140E-02, 2.158290423E+05
       190,-1.328813184E-02, 1.820754572E-02, 1.622951975E+06
       191, 1.259248224E-02, 1.824847779E-02, 2.124605928E+05
       192,-1.337414846E-02, 1.826001617E-02, 1.627133600E+06
       193,-1.346013186E-02, 1.831299674E-02, 1.631274207E+06
       194, 1.288530893E-02, 1.832645995E-02, 2.091512799E+05
       195,-1.354592505E-02, 1.836639305E-02, 1.635368275E+06
       196, 1.317762705E-02, 1.840430668E-02, 2.058850042E+05
       197,-1.363151006E-02, 1.842019467E-02, 1.639416512E+06
       198,-1.371718909E-02, 1.847459507E-02, 1.643431751E+06
       199, 1.346981954E-02, 1.848211995E-02, 2.026400244E+05
       200,-1.380229900E-02, 1.852917330E-02, 1.647386734E+06
       201, 1.376190922E-02, 1.855990585E-02, 1.994080898E+05
       202,-1.388703599E-02, 1.858405090E-02, 1.651292790E+06
       203, 1.405418727E-02, 1.863774190E-02, 1.961817533E+05
       204,-1.397185260E-02, 1.863952288E-02, 1.655164139E+06
       205,-1.405711550E-02, 1.869583896E-02, 1.659015325E+06
       206, 1.434622374E-02, 1.871551363E-02, 1.929558588E+05
       207,-1.414147825E-02, 1.875211033E-02, 1.662793686E+06
       208, 1.463770206E-02, 1.879313671E-02, 1.897228344E+05
       209,-1.422545576E-02, 1.880867284E-02, 1.666521932E+06
       210,-1.430923558E-02, 1.886565210E-02, 1.670206241E+06
       211, 1.492926820E-02, 1.887078318E-02, 1.864760873E+05
       212,-1.439210196E-02, 1.892255541E-02, 1.673821328E+06
       213, 1.522075189E-02, 1.894840769E-02, 1.832292568E+05
       214,-1.447486606E-02, 1.897993478E-02, 1.677401072E+06
       215, 1.551192853E-02, 1.902595043E-02, 1.799980637E+05
       216,-1.455782091E-02, 1.903799940E-02, 1.680954262E+06
       217,-1.464066247E-02, 1.909654244E-02, 1.684471588E+06
       218, 1.580284224E-02, 1.910342316E-02, 1.767944202E+05
       219,-1.472329486E-02, 1.915549824E-02, 1.687949659E+06
       220, 1.609346420E-02, 1.918081818E-02, 1.736312924E+05
       221,-1.480625267E-02, 1.921525486E-02, 1.691406373E+06
       222, 1.638436759E-02, 1.925828816E-02, 1.705055959E+05
       223,-1.488858374E-02, 1.927512890E-02, 1.694805788E+06
       224,-1.496989363E-02, 1.933482201E-02, 1.698137481E+06
       225, 1.667538839E-02, 1.933578940E-02, 1.674147022E+05
       226,-1.505071086E-02, 1.939471209E-02, 1.701420507E+06
       227, 1.696589951E-02, 1.941315491E-02, 1.643650395E+05
       228,-1.513141190E-02, 1.945507738E-02, 1.704666886E+06
       229, 1.725609446E-02, 1.949043622E-02, 1.613577460E+05
       230,-1.521191655E-02, 1.951586027E-02, 1.707875734E+06
       231, 1.754621729E-02, 1.956769832E-02, 1.583951773E+05
       232,-1.529210556E-02, 1.957697108E-02, 1.711043904E+06
       233,-1.537249322E-02, 1.963880633E-02, 1.714191325E+06
       234, 1.783667618E-02, 1.964504992E-02, 1.554779207E+05
       235,-1.545236185E-02, 1.970081650E-02, 1.717292427E+06
       236, 1.812740553E-02, 1.972247355E-02, 1.526067534E+05
       237,-1.553254010E-02, 1.976364876E-02, 1.720376206E+06
       238, 1.841770269E-02, 1.979978208E-02, 1.497806357E+05
       239,-1.561290796E-02, 1.982722077E-02, 1.723437765E+06
       240, 1.870764608E-02, 1.987699639E-02, 1.469873883E+05
       241,-1.569258962E-02, 1.989084060E-02, 1.726447892E+06
       242, 1.899755782E-02, 1.995420228E-02, 1.442176520E+05
       243,-1.577242911E-02, 1.995518276E-02, 1.729436428E+06
       244,-1.585145291E-02, 2.001946180E-02, 1.732370003E+06
       245, 1.928773956E-02, 2.003148008E-02, 1.414690061E+05
       246,-1.592972881E-02, 2.008372181E-02, 1.735252114E+06
       247, 1.957821628E-02, 2.010883642E-02, 1.387439969E+05
       248,-1.600783896E-02, 2.014843694E-02, 1.738102481E+06
       249, 1.986854555E-02, 2.018615351E-02, 1.360467295E+05
       250,-1.608523035E-02, 2.021314555E-02, 1.740903357E+06
       251, 2.015855814E-02, 2.026338625E-02, 1.333742650E+05
       252,-1.616255143E-02, 2.027838747E-02, 1.743676866E+06
       253, 2.044861814E-02, 2.034063162E-02, 1.307192627E+05
       254,-1.623970089E-02, 2.034408119E-02, 1.746419615E+06
       255,-1.631612756E-02, 2.040975383E-02, 1.749117118E+06
       256, 2.073894331E-02, 2.041794761E-02, 1.280823116E+05
       257,-1.639212399E-02, 2.047565019E-02, 1.751778095E+06
       258, 2.102928071E-02, 2.049526686E-02, 1.254717962E+05
       259,-1.646834049E-02, 2.054233866E-02, 1.754421751E+06
       260, 2.131946297E-02, 2.057254479E-02, 1.228918768E+05
       261,-1.654408477E-02, 2.060921758E-02, 1.757029247E+06
       262, 2.160943673E-02, 2.064976720E-02, 1.203437937E+05
       263,-1.661953653E-02, 2.067644367E-02, 1.759607172E+06
       264, 2.189957515E-02, 2.072703345E-02, 1.178280791E+05
       265,-1.669555941E-02, 2.074479719E-02, 1.762182177E+06
       266, 2.218994538E-02, 2.080436144E-02, 1.153461478E+05
       267,-1.677070224E-02, 2.081297708E-02, 1.764711071E+06
       268,-1.684570604E-02, 2.088165074E-02, 1.767216980E+06
       269, 2.248031960E-02, 2.088169049E-02, 1.128934107E+05
       270,-1.692095827E-02, 2.095118209E-02, 1.769709647E+06
       271, 2.277047923E-02, 2.095896240E-02, 1.104626646E+05
       272,-1.699513268E-02, 2.102034312E-02, 1.772151262E+06
       273, 2.306038877E-02, 2.103616770E-02, 1.080528569E+05
       274,-1.706900636E-02, 2.108984889E-02, 1.774567013E+06
       275, 2.335046263E-02, 2.111341676E-02, 1.056665698E+05
       276,-1.714221510E-02, 2.115935238E-02, 1.776946225E+06
       277, 2.364068397E-02, 2.119070510E-02, 1.033089827E+05
       278,-1.721461915E-02, 2.122871008E-02, 1.779287057E+06
       279, 2.393112797E-02, 2.126805274E-02, 1.009795384E+05
       280,-1.728693513E-02, 2.129860499E-02, 1.781611340E+06
       281, 2.422143853E-02, 2.134536483E-02, 9.867842770E+04
       282,-1.735850425E-02, 2.136839759E-02, 1.783900536E+06
       283, 2.451138262E-02, 2.142257934E-02, 9.640534243E+04
       284,-1.742980873E-02, 2.143855311E-02, 1.786170603E+06
       285, 2.480133003E-02, 2.149979473E-02, 9.415686248E+04
       286,-1.750068881E-02, 2.150891345E-02, 1.788418227E+06
       287, 2.509129276E-02, 2.157701420E-02, 9.193316485E+04
       288,-1.757075431E-02, 2.157908316E-02, 1.790634632E+06
       289,-1.764083841E-02, 2.164989440E-02, 1.792846838E+06
       290, 2.538162265E-02, 2.165433144E-02, 8.973350792E+04
       291,-1.771028020E-02, 2.172067937E-02, 1.795038631E+06
       292, 2.567193795E-02, 2.173164480E-02, 8.756425831E+04
       293,-1.777920741E-02, 2.179156108E-02, 1.797217548E+06
       294, 2.596191429E-02, 2.180886789E-02, 8.542846536E+04
       295,-1.784799015E-02, 2.186291971E-02, 1.799398821E+06
       296, 2.625212315E-02, 2.188615291E-02, 8.331779850E+04
       297,-1.791574050E-02, 2.193382649E-02, 1.801561540E+06
       298, 2.654244741E-02, 2.196346866E-02, 8.123106055E+04
       299,-1.798328060E-02, 2.200513337E-02, 1.803737554E+06
       300, 2.683272119E-02, 2.204077096E-02, 7.916702108E+04
       301,-1.805040945E-02, 2.207662812E-02, 1.805925431E+06
       302, 2.712283688E-02, 2.211803116E-02, 7.712735497E+04
       303,-1.811697860E-02, 2.214814778E-02, 1.808172000E+06
       304, 2.741275251E-02, 2.219523809E-02, 7.511762740E+04
       305,-1.818429550E-02, 2.222110858E-02, 1.810583087E+06
       306, 2.770305582E-02, 2.227254826E-02, 7.313302972E+04
       307,-1.825580362E-02, 2.229895588E-02, 1.813026275E+06
       308, 2.799361163E-02, 2.234992567E-02, 7.117048758E+04
       309,-1.834247775E-02, 2.239331366E-02, 1.815623881E+06
       310, 2.828376280E-02, 2.242719532E-02, 6.923103971E+04
       311, 2.857364457E-02, 2.250439323E-02, 6.731259562E+04
       312,-1.845546098E-02, 2.251631283E-02, 1.818689295E+06
       313, 2.886351857E-02, 2.258158906E-02, 6.541659579E+04
       314, 2.915379001E-02, 2.265889075E-02, 6.354253609E+04
       315,-1.859455799E-02, 2.266774077E-02, 1.822108405E+06
       316, 2.944440737E-02, 2.273628455E-02, 6.169073389E+04
       317, 2.973461539E-02, 2.281356934E-02, 5.986913085E+04
       318,-1.877090818E-02, 2.285972437E-02, 1.826035670E+06
       319, 3.002446784E-02, 2.289075944E-02, 5.807981928E+04
       320, 3.031431796E-02, 2.296794892E-02, 5.631839601E+04
       321, 3.060448211E-02, 2.304522203E-02, 5.457689125E+04
       322,-1.899251916E-02, 2.310098112E-02, 1.830483585E+06
       323, 3.089499531E-02, 2.312258809E-02, 5.285032330E+04
       324, 3.118527487E-02, 2.319989193E-02, 5.114114379E+04
       325, 3.147520874E-02, 2.327710371E-02, 4.945110492E+04
       326, 3.176525499E-02, 2.335434543E-02, 4.777931052E+04
       327,-1.926022196E-02, 2.339241573E-02, 1.835266340E+06
       328, 3.205556121E-02, 2.343165637E-02, 4.612739557E+04
       329, 3.234588447E-02, 2.350897185E-02, 4.449891808E+04
       330, 3.263606584E-02, 2.358624954E-02, 4.289450121E+04
       331, 3.292605515E-02, 2.366347609E-02, 4.131131693E+04
       332,-1.956945838E-02, 2.372906591E-02, 1.840118290E+06
       333, 3.321625021E-02, 2.374075743E-02, 3.974395470E+04
       334, 3.350664441E-02, 2.381809180E-02, 3.819062196E+04
       335, 3.379691615E-02, 2.389539356E-02, 3.665382827E+04
       336, 3.408700273E-02, 2.397264601E-02, 3.513744750E+04
       337, 3.437692005E-02, 2.404985339E-02, 3.364534792E+04
       338,-1.990288472E-02, 2.409205043E-02, 1.844717161E+06
       339, 3.466709058E-02, 2.412712820E-02, 3.217674375E+04
       340, 3.495734501E-02, 2.420442535E-02, 3.072916858E+04
       341, 3.524767590E-02, 2.428174286E-02, 2.929770536E+04
       342, 3.553792972E-02, 2.435903985E-02, 2.788194329E+04
       343, 3.582786389E-02, 2.443625171E-02, 2.648772593E+04
       344,-2.024327758E-02, 2.446261906E-02, 1.848860096E+06
       345, 3.611786902E-02, 2.451348247E-02, 2.512033740E+04
       346, 3.640794874E-02, 2.459073309E-02, 2.378272711E+04
       347, 3.669831138E-02, 2.466805906E-02, 2.246846827E+04
       348, 3.698859515E-02, 2.474536402E-02, 2.116867400E+04
       349, 3.727857971E-02, 2.482258931E-02, 1.987640764E+04
       350,-2.058392274E-02, 2.483346235E-02, 1.852578964E+06
       351, 3.756874680E-02, 2.489986320E-02, 1.858862316E+04
       352, 3.785903869E-02, 2.497717032E-02, 1.731150352E+04
       353, 3.814936391E-02, 2.505448633E-02, 1.605486138E+04
       354, 3.843949152E-02, 2.513174970E-02, 1.482498009E+04
       355,-2.092433116E-02, 2.520404792E-02, 1.855956423E+06
       356, 3.872938596E-02, 2.520895098E-02, 1.361613434E+04
       357, 3.901964555E-02, 2.528624951E-02, 1.241195881E+04
       358, 3.931017673E-02, 2.536362036E-02, 1.120414847E+04
       359, 3.960033127E-02, 2.544089091E-02, 1.000278345E+04
       360, 3.989020381E-02, 2.551808636E-02, 8.825605332E+03
       361,-2.126462248E-02, 2.557450600E-02, 1.859034405E+06
       362, 4.018007259E-02, 2.559528081E-02, 7.681306934E+03
       363, 4.047033695E-02, 2.567258060E-02, 6.558410529E+03
       364, 4.076097263E-02, 2.574997928E-02, 5.437140080E+03
       365, 4.105120917E-02, 2.582727167E-02, 4.310644956E+03
       366, 4.134107290E-02, 2.590446478E-02, 3.187415856E+03
       367,-2.160482350E-02, 2.594486578E-02, 1.861841184E+06
       368, 4.163093804E-02, 2.598165825E-02, 2.081411826E+03
       369, 4.192112759E-02, 2.605893813E-02, 9.985725975E+02
       370, 4.221170149E-02, 2.613632035E-02,-6.369744290E+01
       371, 4.250195773E-02, 2.621361799E-02,-1.106239506E+03
       372, 4.279183811E-02, 2.629081553E-02,-2.128517689E+03
       373,-2.194513779E-02, 2.631534888E-02, 1.864405310E+06
       374, 4.308188053E-02, 2.636805621E-02,-3.130302629E+03
       375, 4.337216471E-02, 2.644536129E-02,-4.110947149E+03
       376, 4.366254661E-02, 2.652269239E-02,-5.070831150E+03
       377, 4.395278352E-02, 2.659998487E-02,-6.011847405E+03
       378, 4.424277893E-02, 2.667721304E-02,-6.938483990E+03
       379,-2.228508677E-02, 2.668543427E-02, 1.866751830E+06
       380, 4.453302271E-02, 2.675450735E-02,-7.860396765E+03
       381, 4.482342295E-02, 2.683184334E-02,-8.788754513E+03
       382, 4.511356760E-02, 2.690911125E-02,-9.727695054E+03
       383, 4.540356461E-02, 2.698633985E-02,-1.066556434E+04
       384,-2.262520105E-02, 2.705569962E-02, 1.868905110E+06
       385, 4.569349744E-02, 2.706355136E-02,-1.157964373E+04
       386, 4.598374908E-02, 2.714084776E-02,-1.245724690E+04
       387, 4.627401700E-02, 2.721814851E-02,-1.330240231E+04
       388, 4.656421634E-02, 2.729543098E-02,-1.413271864E+04
       389, 4.685439776E-02, 2.737270869E-02,-1.496749267E+04
       390,-2.296454941E-02, 2.742513115E-02, 1.870884060E+06
       391, 4.714432654E-02, 2.744991912E-02,-1.581381812E+04
       392, 4.743443312E-02, 2.752717690E-02,-1.666288320E+04
       393, 4.772466366E-02, 2.760446768E-02,-1.749255476E+04
       394, 4.801503409E-02, 2.768179573E-02,-1.829010650E+04
       395, 4.830526887E-02, 2.775908765E-02,-1.906464566E+04
       396,-2.330399907E-02, 2.779467296E-02, 1.872719287E+06
       397, 4.859523618E-02, 2.783630833E-02,-1.983706292E+04
       398, 4.888532978E-02, 2.791356265E-02,-2.061836860E+04
       399, 4.917557196E-02, 2.799085654E-02,-2.140673952E+04
       400, 4.946592140E-02, 2.806817899E-02,-2.219165472E+04
       401, 4.975604109E-02, 2.814544026E-02,-2.295787035E+04
       402,-2.364390376E-02, 2.816471015E-02, 1.874420716E+06
       403, 5.004598007E-02, 2.822265341E-02,-2.369174993E+04
       404, 5.033625218E-02, 2.829995526E-02,-2.439181998E+04
       405, 5.062672508E-02, 2.837731059E-02,-2.506949800E+04
       406, 5.091685713E-02, 2.845457515E-02,-2.574592791E+04
       407, 5.120670996E-02, 2.853176535E-02,-2.644035588E+04
       408,-2.398382121E-02, 2.853476121E-02, 1.875999215E+06
       409, 5.149656256E-02, 2.860895550E-02,-2.716062153E+04
       410, 5.178679659E-02, 2.868624721E-02,-2.790152312E+04
       411, 5.207741515E-02, 2.876364133E-02,-2.864674507E+04
       412, 5.236765713E-02, 2.884093517E-02,-2.937738776E+04
       413,-2.432413555E-02, 2.890524436E-02, 1.877471449E+06
       414, 5.265752198E-02, 2.891812857E-02,-3.008351981E+04
       415, 5.294739297E-02, 2.899532361E-02,-3.076721782E+04
       416, 5.323758443E-02, 2.907260399E-02,-3.143376373E+04
       417, 5.352818830E-02, 2.914999420E-02,-3.208325090E+04
       418, 5.381848744E-02, 2.922730325E-02,-3.271279387E+04
       419,-2.466433534E-02, 2.927560280E-02, 1.878843894E+06
       420, 5.410839106E-02, 2.930450698E-02,-3.332806972E+04
       421, 5.439841480E-02, 2.938174270E-02,-3.393573967E+04
       422, 5.468865556E-02, 2.945903621E-02,-3.453588205E+04
       423, 5.497908443E-02, 2.953637981E-02,-3.512960856E+04
       424, 5.526935051E-02, 2.961368007E-02,-3.572355537E+04
       425,-2.500475549E-02, 2.964620114E-02, 1.880127496E+06
       426, 5.555933136E-02, 2.969090436E-02,-3.632051332E+04
       427, 5.584960973E-02, 2.976820789E-02,-3.693247929E+04
       428, 5.613999384E-02, 2.984553957E-02,-3.760627158E+04
       429, 5.643004822E-02, 2.992278345E-02,-3.833700413E+04
       430, 5.672000000E-02, 3.000000000E-02,-3.995917328E+04
       431,-2.534488403E-02, 3.001648202E-02, 1.881326795E+06
       432,-2.568508054E-02, 3.038683689E-02, 1.882449065E+06
       433,-2.602477916E-02, 3.075664973E-02, 1.883501986E+06
       434,-2.636442706E-02, 3.112640735E-02, 1.884492587E+06
       435,-2.670385234E-02, 3.149592262E-02, 1.885424496E+06
       436,-2.704313070E-02, 3.186527796E-02, 1.886303098E+06
       437,-2.738305222E-02, 3.223533345E-02, 1.887133074E+06
       438,-2.772275053E-02, 3.260514595E-02, 1.887915326E+06
       439,-2.806268765E-02, 3.297521844E-02, 1.888653947E+06
       440,-2.840235078E-02, 3.334499265E-02, 1.889349616E+06
       441,-2.874187403E-02, 3.371461457E-02, 1.890008205E+06
       442,-2.908145122E-02, 3.408429522E-02, 1.890634077E+06
       443,-2.942119482E-02, 3.445415704E-02, 1.891225211E+06
       444,-2.976069346E-02, 3.482375217E-02, 1.891783169E+06
       445,-3.010040639E-02, 3.519358059E-02, 1.892311378E+06
       446,-3.044013510E-02, 3.556342619E-02, 1.892808696E+06
       447,-3.078015226E-02, 3.593358581E-02, 1.893275319E+06
       448,-3.112024490E-02, 3.630382761E-02, 1.893710019E+06
       449,-3.146020310E-02, 3.667392303E-02, 1.894110492E+06
       450,-3.179984071E-02, 3.704366947E-02, 1.894476851E+06
       451,-3.213870218E-02, 3.741257094E-02, 1.894815288E+06
       452,-3.247667969E-02, 3.778051009E-02, 1.895111736E+06
       453,-3.281305892E-02, 3.814670928E-02, 1.895359072E+06
       454,-3.314793086E-02, 3.851126757E-02, 1.895575374E+06
       455,-3.348034870E-02, 3.887315419E-02, 1.895746893E+06
       456,-3.381074508E-02, 3.923284015E-02, 1.895866157E+06
       457,-3.413976942E-02, 3.959103243E-02, 1.895944212E+06
       458,-3.446662003E-02, 3.994685830E-02, 1.895985405E+06
       459,-3.479193986E-02, 4.030101767E-02, 1.896007348E+06
       460,-3.511550489E-02, 4.065326668E-02, 1.896003805E+06
       461,-3.543767395E-02, 4.100399597E-02, 1.895987713E+06
       462,-3.575862991E-02, 4.135340462E-02, 1.895997722E+06
       463,-3.607865983E-02, 4.170180514E-02, 1.896355416E+06
       464,-3.639845855E-02, 4.204995396E-02, 1.896570810E+06
       465,-1.267200000E-01, 4.240000000E-02, 1.899309377E+06
       466,-1.252200000E-01, 4.240000000E-02, 1.892963558E+06
       467,-1.237200000E-01, 4.240000000E-02, 1.892910435E+06
       468,-1.222200000E-01, 4.240000000E-02, 1.892877038E+06
       469,-1.207200000E-01, 4.240000000E-02, 1.892871721E+06
       470,-1.192200000E-01, 4.240000000E-02, 1.892869968E+06
       471,-1.177200000E-01, 4.240000000E-02, 1.892867576E+06
       472,-1.162200000E-01, 4.240000000E-02, 1.892863076E+06
       473,-1.147200000E-01, 4.240000000E-02, 1.892856826E+06
       474,-1.132200000E-01, 4.240000000E-02, 1.892850169E+06
       475,-1.117200000E-01, 4.240000000E-02, 1.892844141E+06
       476,-1.102200000E-01, 4.240000000E-02, 1.892839093E+06
       477,-1.087200000E-01, 4.240000000E-02, 1.892834922E+06
       478,-1.072200000E-01, 4.240000000E-02, 1.892831498E+06
       479,-1.057200000E-01, 4.240000000E-02, 1.892828777E+06
       480,-1.042200000E-01, 4.240000000E-02, 1.892826624E+06
       481,-1.027200000E-01, 4.240000000E-02, 1.892824856E+06
       482,-1.012200000E-01, 4.240000000E-02, 1.892823383E+06
       483,-9.972000000E-02, 4.240000000E-02, 1.892822213E+06
       484,-9.822000000E-02, 4.240000000E-02, 1.892821432E+06
       485,-9.672000000E-02, 4.240000000E-02, 1.892821246E+06
       486,-9.522000000E-02, 4.240000000E-02, 1.892822123E+06
       487,-9.372000000E-02, 4.240000000E-02, 1.892824836E+06
       488,-9.222000000E-02, 4.240000000E-02, 1.892830055E+06
       489,-9.072000000E-02, 4.240000000E-02, 1.892837606E+06
       490,-8.922000000E-02, 4.240000000E-02, 1.892845906E+06
       491,-8.772000000E-02, 4.240000000E-02, 1.892852661E+06
       492,-8.622000000E-02, 4.240000000E-02, 1.892856852E+06
       493,-8.472000000E-02, 4.240000000E-02, 1.892859862E+06
       494,-8.322000000E-02, 4.240000000E-02, 1.892865730E+06
       495,-8.172000000E-02, 4.240000000E-02, 1.892877003E+06
       496,-8.022000001E-02, 4.240000000E-02, 1.892891576E+06
       497,-7.872000018E-02, 4.240000000E-02, 1.892907932E+06
       498,-7.722000127E-02, 4.240000000E-02, 1.892926724E+06
       499,-7.572000615E-02, 4.240000000E-02, 1.892948359E+06
       500,-7.422002310E-02, 4.240000000E-02, 1.892973081E+06
       501,-7.272007195E-02, 4.240000000E-02, 1.893001790E+06
       502,-7.122019337E-02, 4.240000000E-02, 1.893035690E+06
       503,-6.972046084E-02, 4.240000000E-02, 1.893075531E+06
       504,-6.822099341E-02, 4.240000000E-02, 1.893122026E+06
       505,-6.672196615E-02, 4.240000000E-02, 1.893176541E+06
       506,-6.522361503E-02, 4.240000000E-02, 1.893242225E+06
       507,-6.372623310E-02, 4.240000000E-02, 1.893320674E+06
       508,-6.223015663E-02, 4.240000000E-02, 1.893402066E+06
       509,-6.073574167E-02, 4.240000000E-02, 1.893470401E+06
       510,-5.924333387E-02, 4.240000000E-02, 1.893545766E+06
       511,-5.775323566E-02, 4.240000000E-02, 1.893764027E+06
       512,-5.626567592E-02, 4.240000000E-02, 1.894125477E+06
       513,-5.478078661E-02, 4.240000000E-02, 1.894251075E+06
       514,-5.329858999E-02, 4.240000000E-02, 1.893994055E+06
       515,-5.181899775E-02, 4.240000000E-02, 1.893971387E+06
       516,-5.034182174E-02, 4.240000000E-02, 1.894679681E+06
       517,-4.886679417E-02, 4.240000000E-02, 1.895110938E+06
       518,-4.739359366E-02, 4.240000000E-02, 1.895041813E+06
       519,-4.592187324E-02, 4.240000000E-02, 1.894509916E+06
       520,-4.445128639E-02, 4.240000000E-02, 1.894806718E+06
       521,-4.298150804E-02, 4.240000000E-02, 1.895878473E+06
       522,-4.157370561E-02, 4.240000000E-02, 1.895838010E+06
       523,-4.033660991E-02, 4.240000000E-02, 1.895629715E+06
       524,-3.931120251E-02, 4.240000000E-02, 1.895529355E+06
       525,-3.847235276E-02, 4.240000000E-02, 1.895883561E+06
       526,-3.778648145E-02, 4.240000000E-02, 1.895944293E+06
       527,-3.722375238E-02, 4.240000000E-02, 1.895696720E+06
       528,-3.672000000E-02, 4.240000000E-02, 1.896078032E+06
