nodenumber,    x-coordinate,    y-coordinate,     temperature
         1,-1.619045441E-03, 1.494203437E-02, 8.031355469E+02
         2,-1.721078181E-03, 1.494228842E-02, 8.031249816E+02
         3,-1.516997608E-03, 1.494224307E-02, 8.031460875E+02
         4,-1.823085014E-03, 1.494300496E-02, 8.031138931E+02
         5,-1.414940305E-03, 1.494291471E-02, 8.031577040E+02
         6,-1.312903237E-03, 1.494404906E-02, 8.031707069E+02
         7,-1.925057712E-03, 1.494418354E-02, 8.031025973E+02
         8,-1.210916068E-03, 1.494564537E-02, 8.031846364E+02
         9,-2.026954958E-03, 1.494582303E-02, 8.030913262E+02
        10,-1.109008381E-03, 1.494770241E-02, 8.031993168E+02
        11,-2.128733448E-03, 1.494792150E-02, 8.030799865E+02
        12,-1.007209640E-03, 1.495021842E-02, 8.032147760E+02
        13,-2.230291183E-03, 1.495047468E-02, 8.030683794E+02
        14,-9.055491453E-04, 1.495319116E-02, 8.032302476E+02
        15,-2.331527078E-03, 1.495347651E-02, 8.030566245E+02
        16,-8.040560018E-04, 1.495661789E-02, 8.032443943E+02
        17,-2.432341377E-03, 1.495691919E-02, 8.030455207E+02
        18,-7.027590794E-04, 1.496049536E-02, 8.032563124E+02
        19,-2.532663989E-03, 1.496079438E-02, 8.030364387E+02
        20,-6.016869795E-04, 1.496481989E-02, 8.032659404E+02
        21,-2.633014637E-03, 1.496511929E-02, 8.030294618E+02
        22,-5.008680026E-04, 1.496958729E-02, 8.032733698E+02
        23,-2.733885110E-03, 1.496991904E-02, 8.030224624E+02
        24,-4.003301175E-04, 1.497479292E-02, 8.032783315E+02
        25,-2.835177365E-03, 1.497519561E-02, 8.030133403E+02
        26,-3.001009319E-04, 1.498043170E-02, 8.032819388E+02
        27,-2.936791651E-03, 1.498094918E-02, 8.030015170E+02
        28,-2.001417341E-04, 1.498650225E-02, 8.032956481E+02
        29,-3.038626905E-03, 1.498717807E-02, 8.029879870E+02
        30,-1.001765314E-04, 1.499301994E-02, 8.033614548E+02
        31,-3.140581165E-03, 1.499387874E-02, 8.029749566E+02
        32,-1.951563910E-18, 1.500000000E-02, 8.035863014E+02
        33,-3.242551985E-03, 1.500104582E-02, 8.029633970E+02
        34, 9.674293514E-05, 1.500778187E-02, 8.040585032E+02
        35,-3.344436854E-03, 1.500867205E-02, 8.029521721E+02
        36,-3.446133623E-03, 1.501674840E-02, 8.029404447E+02
        37, 1.940867881E-04, 1.501728045E-02, 8.046980837E+02
        38,-3.547540920E-03, 1.502526405E-02, 8.029288406E+02
        39, 2.917245397E-04, 1.502849725E-02, 8.053248143E+02
        40,-3.648558567E-03, 1.503420647E-02, 8.029178918E+02
        41, 3.893500801E-04, 1.504141445E-02, 8.058781394E+02
        42,-3.749087980E-03, 1.504356151E-02, 8.029074207E+02
        43,-3.849157810E-03, 1.505332596E-02, 8.028975504E+02
        44, 4.865030593E-04, 1.505597002E-02, 8.063478762E+02
        45,-3.948872193E-03, 1.506350506E-02, 8.028882586E+02
        46, 5.830077269E-04, 1.507212127E-02, 8.067442842E+02
        47,-4.048505823E-03, 1.507412451E-02, 8.028790017E+02
        48,-4.148334383E-03, 1.508521513E-02, 8.028694648E+02
        49, 6.793461505E-04, 1.508994200E-02, 8.070953925E+02
        50,-4.248456402E-03, 1.509679182E-02, 8.028595725E+02
        51,-4.348914803E-03, 1.510886456E-02, 8.028492177E+02
        52, 7.758502658E-04, 1.510950984E-02, 8.074124758E+02
        53,-4.449742620E-03, 1.512144289E-02, 8.028385190E+02
        54, 8.724277971E-04, 1.513083053E-02, 8.077027754E+02
        55,-4.550749979E-03, 1.513450767E-02, 8.028278614E+02
        56,-4.651440748E-03, 1.514799460E-02, 8.028174501E+02
        57, 9.686342355E-04, 1.515381776E-02, 8.079878820E+02
        58,-4.751241147E-03, 1.516181936E-02, 8.028072458E+02
        59,-4.850922510E-03, 1.517608271E-02, 8.027969717E+02
        60, 1.063512456E-03, 1.517821797E-02, 8.081730314E+02
        61,-4.951426236E-03, 1.519092509E-02, 8.027864168E+02
        62, 1.166325952E-03, 1.520559806E-02, 8.080074243E+02
        63,-5.052194779E-03, 1.520627258E-02, 8.027757371E+02
        64,-5.152622193E-03, 1.522203332E-02, 8.027650523E+02
        65,-5.252303102E-03, 1.523813715E-02, 8.027544085E+02
        66, 1.288627038E-03, 1.523816785E-02, 8.072321708E+02
        67,-5.351734550E-03, 1.525465848E-02, 8.027437349E+02
        68,-5.451746708E-03, 1.527173856E-02, 8.027329076E+02
        69, 1.440163203E-03, 1.527852318E-02, 8.060145282E+02
        70,-5.552214093E-03, 1.528936425E-02, 8.027220146E+02
        71,-5.652493059E-03, 1.530742560E-02, 8.027111827E+02
        72,-5.751873267E-03, 1.532578822E-02, 8.027003890E+02
        73, 1.626970093E-03, 1.532827139E-02, 8.047933654E+02
        74,-5.851006953E-03, 1.534456577E-02, 8.026894294E+02
        75,-5.950830944E-03, 1.536393999E-02, 8.026781835E+02
        76,-6.050907259E-03, 1.538383373E-02, 8.026669599E+02
        77, 1.858117204E-03, 1.538982778E-02, 8.037685093E+02
        78,-6.150507964E-03, 1.540410197E-02, 8.026560452E+02
        79,-6.249208532E-03, 1.542464991E-02, 8.026455122E+02
        80,-6.347771067E-03, 1.544563022E-02, 8.026349079E+02
        81, 2.127038476E-03, 1.546144373E-02, 8.030807279E+02
        82,-6.446896821E-03, 1.546719649E-02, 8.026239921E+02
        83,-6.546334309E-03, 1.548930157E-02, 8.026129645E+02
        84,-6.645590349E-03, 1.551183818E-02, 8.026017823E+02
        85,-6.743947094E-03, 1.553463706E-02, 8.025905087E+02
        86, 2.413184426E-03, 1.553764676E-02, 8.026891150E+02
        87,-6.841933976E-03, 1.555781339E-02, 8.025791046E+02
        88,-6.940477476E-03, 1.558158912E-02, 8.025675180E+02
        89,-7.039154812E-03, 1.560586869E-02, 8.025558983E+02
        90, 2.703716822E-03, 1.561501793E-02, 8.024697520E+02
        91,-7.137035585E-03, 1.563042000E-02, 8.025444023E+02
        92,-7.234628845E-03, 1.565536454E-02, 8.025328728E+02
        93,-7.332781336E-03, 1.568092230E-02, 8.025210354E+02
        94, 2.994045528E-03, 1.569233487E-02, 8.022803453E+02
        95,-7.430886187E-03, 1.570694060E-02, 8.025089647E+02
        96,-7.528437487E-03, 1.573328262E-02, 8.024969304E+02
        97,-7.626147551E-03, 1.576013956E-02, 8.024848879E+02
        98, 3.284048515E-03, 1.576956505E-02, 8.020667794E+02
        99,-7.723771634E-03, 1.578744643E-02, 8.024728048E+02
       100,-7.821243092E-03, 1.581518465E-02, 8.024607006E+02
       101,-7.919036647E-03, 1.584349239E-02, 8.024484191E+02
       102, 3.574352572E-03, 1.584687542E-02, 8.018377643E+02
       103,-8.016629639E-03, 1.587222111E-02, 8.024359208E+02
       104,-8.113574203E-03, 1.590123465E-02, 8.024233936E+02
       105, 3.864787154E-03, 1.592422055E-02, 8.016162409E+02
       106,-8.210556467E-03, 1.593073577E-02, 8.024107705E+02
       107,-8.307716485E-03, 1.596077063E-02, 8.023979433E+02
       108,-8.404783014E-03, 1.599125803E-02, 8.023850308E+02
       109, 4.155014863E-03, 1.600151058E-02, 8.014184768E+02
       110,-8.501863935E-03, 1.602223331E-02, 8.023720715E+02
       111,-8.598675444E-03, 1.605360612E-02, 8.023590808E+02
       112, 4.445143968E-03, 1.607877436E-02, 8.012421480E+02
       113,-8.694761144E-03, 1.608522321E-02, 8.023461081E+02
       114,-8.790762596E-03, 1.611729176E-02, 8.023330269E+02
       115,-8.887253007E-03, 1.615000848E-02, 8.023196775E+02
       116, 4.735179875E-03, 1.615601331E-02, 8.010769907E+02
       117,-8.983560698E-03, 1.618315015E-02, 8.023062122E+02
       118,-9.079546598E-03, 1.621666737E-02, 8.022927799E+02
       119, 5.025553855E-03, 1.623334230E-02, 8.009176666E+02
       120,-9.175334760E-03, 1.625060180E-02, 8.022793328E+02
       121,-9.270322510E-03, 1.628473467E-02, 8.022659075E+02
       122, 5.315940018E-03, 1.631067453E-02, 8.007665307E+02
       123,-9.365105974E-03, 1.631927489E-02, 8.022524142E+02
       124,-9.460508909E-03, 1.635452818E-02, 8.022386668E+02
       125, 5.606035706E-03, 1.638792941E-02, 8.006282347E+02
       126,-9.555509545E-03, 1.639012109E-02, 8.022249041E+02
       127,-9.649999329E-03, 1.642600838E-02, 8.022113003E+02
       128,-9.744504144E-03, 1.646238845E-02, 8.021976922E+02
       129, 5.896099467E-03, 1.646517578E-02, 8.005053036E+02
       130,-9.838522145E-03, 1.649906698E-02, 8.021840370E+02
       131,-9.932251404E-03, 1.653611778E-02, 8.021702575E+02
       132, 6.186057094E-03, 1.654239389E-02, 8.003975802E+02
       133,-1.002612898E-02, 1.657371513E-02, 8.021562462E+02
       134,-1.012014887E-02, 1.661186153E-02, 8.021420669E+02
       135, 6.476311649E-03, 1.661969108E-02, 8.003032741E+02
       136,-1.021383375E-02, 1.665036451E-02, 8.021279143E+02
       137,-1.030714984E-02, 1.668920736E-02, 8.021138247E+02
       138, 6.766712393E-03, 1.669702719E-02, 8.002197046E+02
       139,-1.040075557E-02, 1.672866630E-02, 8.020995932E+02
       140,-1.049463749E-02, 1.676874303E-02, 8.020851685E+02
       141, 7.057049637E-03, 1.677434640E-02, 8.001435305E+02
       142,-1.058824719E-02, 1.680920636E-02, 8.020706853E+02
       143,-1.068105232E-02, 1.684982046E-02, 8.020562666E+02
       144, 7.347225476E-03, 1.685162262E-02, 8.000687346E+02
       145,-1.077391069E-02, 1.689095764E-02, 8.020417151E+02
       146, 7.637151194E-03, 1.692883223E-02, 7.999894107E+02
       147,-1.086729826E-02, 1.693283652E-02, 8.020268656E+02
       148,-1.096035376E-02, 1.697507554E-02, 8.020119087E+02
       149, 7.927243378E-03, 1.700608617E-02, 7.999042723E+02
       150,-1.105216600E-02, 1.701725134E-02, 8.019971168E+02
       151,-1.114391279E-02, 1.705989738E-02, 8.019822635E+02
       152, 8.217607601E-03, 1.708341256E-02, 7.998168918E+02
       153,-1.123643991E-02, 1.710341585E-02, 8.019670660E+02
       154,-1.132845641E-02, 1.714720506E-02, 8.019518730E+02
       155, 8.508157447E-03, 1.716078838E-02, 7.997340987E+02
       156,-1.141973588E-02, 1.719115017E-02, 8.019369103E+02
       157,-1.151092926E-02, 1.723556102E-02, 8.019220129E+02
       158, 8.798563215E-03, 1.723812584E-02, 7.996614793E+02
       159,-1.160222606E-02, 1.728053341E-02, 8.019070515E+02
       160, 9.088962941E-03, 1.731546168E-02, 7.996001289E+02
       161,-1.169273953E-02, 1.732562820E-02, 8.018922088E+02
       162,-1.178289550E-02, 1.737105137E-02, 8.018774171E+02
       163, 9.379786979E-03, 1.739291052E-02, 7.995465453E+02
       164,-1.187301433E-02, 1.741696443E-02, 8.018625083E+02
       165,-1.196302584E-02, 1.746333391E-02, 8.018474535E+02
       166, 9.670941773E-03, 1.747044745E-02, 7.994966615E+02
       167,-1.205272393E-02, 1.751005360E-02, 8.018323215E+02
       168, 9.962174101E-03, 1.754800502E-02, 7.994497419E+02
       169,-1.214212219E-02, 1.755712892E-02, 8.018171622E+02
       170,-1.223143818E-02, 1.760467480E-02, 8.018019536E+02
       171, 1.025339229E-02, 1.762555883E-02, 7.994081887E+02
       172,-1.232040705E-02, 1.765255022E-02, 8.017867489E+02
       173,-1.240906740E-02, 1.770077399E-02, 8.017715527E+02
       174, 1.054483994E-02, 1.770317374E-02, 7.993742393E+02
       175,-1.249769466E-02, 1.774949673E-02, 8.017562691E+02
       176, 1.083689639E-02, 1.778095079E-02, 7.993475098E+02
       177,-1.258611193E-02, 1.779862289E-02, 8.017408951E+02
       178,-1.267443750E-02, 1.784821943E-02, 8.017254464E+02
       179, 1.112947974E-02, 1.785886815E-02, 7.993250766E+02
       180,-1.276303687E-02, 1.789849720E-02, 8.017098824E+02
       181, 1.142192284E-02, 1.793674816E-02, 7.993033204E+02
       182,-1.285107792E-02, 1.794898549E-02, 8.016944239E+02
       183,-1.293839549E-02, 1.799958216E-02, 8.016791544E+02
       184, 1.171417868E-02, 1.801457830E-02, 7.992799653E+02
       185,-1.302581025E-02, 1.805076121E-02, 8.016638214E+02
       186, 1.200655220E-02, 1.809243978E-02, 7.992543717E+02
       187,-1.311395368E-02, 1.810290409E-02, 8.016481794E+02
       188,-1.320148060E-02, 1.815522037E-02, 8.016325774E+02
       189, 1.229930174E-02, 1.817040140E-02, 7.992271259E+02
       190,-1.328813184E-02, 1.820754572E-02, 8.016172387E+02
       191, 1.259248224E-02, 1.824847779E-02, 7.991990377E+02
       192,-1.337414846E-02, 1.826001617E-02, 8.016020901E+02
       193,-1.346013186E-02, 1.831299674E-02, 8.015868981E+02
       194, 1.288530893E-02, 1.832645995E-02, 7.991711147E+02
       195,-1.354592505E-02, 1.836639305E-02, 8.015716136E+02
       196, 1.317762705E-02, 1.840430668E-02, 7.991449762E+02
       197,-1.363151006E-02, 1.842019467E-02, 8.015562663E+02
       198,-1.371718909E-02, 1.847459507E-02, 8.015408003E+02
       199, 1.346981954E-02, 1.848211995E-02, 7.991217573E+02
       200,-1.380229900E-02, 1.852917330E-02, 8.015253613E+02
       201, 1.376190922E-02, 1.855990585E-02, 7.991020759E+02
       202,-1.388703599E-02, 1.858405090E-02, 8.015099259E+02
       203, 1.405418727E-02, 1.863774190E-02, 7.990867886E+02
       204,-1.397185260E-02, 1.863952288E-02, 8.014943512E+02
       205,-1.405711550E-02, 1.869583896E-02, 8.014785308E+02
       206, 1.434622374E-02, 1.871551363E-02, 7.990767402E+02
       207,-1.414147825E-02, 1.875211033E-02, 8.014628724E+02
       208, 1.463770206E-02, 1.879313671E-02, 7.990709812E+02
       209,-1.422545576E-02, 1.880867284E-02, 8.014474477E+02
       210,-1.430923558E-02, 1.886565210E-02, 8.014321717E+02
       211, 1.492926820E-02, 1.887078318E-02, 7.990661300E+02
       212,-1.439210196E-02, 1.892255541E-02, 8.014171730E+02
       213, 1.522075189E-02, 1.894840769E-02, 7.990581715E+02
       214,-1.447486606E-02, 1.897993478E-02, 8.014022499E+02
       215, 1.551192853E-02, 1.902595043E-02, 7.990445133E+02
       216,-1.455782091E-02, 1.903799940E-02, 8.013871980E+02
       217,-1.464066247E-02, 1.909654244E-02, 8.013720161E+02
       218, 1.580284224E-02, 1.910342316E-02, 7.990247554E+02
       219,-1.472329486E-02, 1.915549824E-02, 8.013567404E+02
       220, 1.609346420E-02, 1.918081818E-02, 7.989997273E+02
       221,-1.480625267E-02, 1.921525486E-02, 8.013412608E+02
       222, 1.638436759E-02, 1.925828816E-02, 7.989714986E+02
       223,-1.488858374E-02, 1.927512890E-02, 8.013258290E+02
       224,-1.496989363E-02, 1.933482201E-02, 8.013106946E+02
       225, 1.667538839E-02, 1.933578940E-02, 7.989420789E+02
       226,-1.505071086E-02, 1.939471209E-02, 8.012957629E+02
       227, 1.696589951E-02, 1.941315491E-02, 7.989108378E+02
       228,-1.513141190E-02, 1.945507738E-02, 8.012808535E+02
       229, 1.725609446E-02, 1.949043622E-02, 7.988752505E+02
       230,-1.521191655E-02, 1.951586027E-02, 8.012659506E+02
       231, 1.754621729E-02, 1.956769832E-02, 7.988327801E+02
       232,-1.529210556E-02, 1.957697108E-02, 8.012511254E+02
       233,-1.537249322E-02, 1.963880633E-02, 8.012362665E+02
       234, 1.783667618E-02, 1.964504992E-02, 7.987822009E+02
       235,-1.545236185E-02, 1.970081650E-02, 8.012215005E+02
       236, 1.812740553E-02, 1.972247355E-02, 7.987240215E+02
       237,-1.553254010E-02, 1.976364876E-02, 8.012066653E+02
       238, 1.841770269E-02, 1.979978208E-02, 7.986597715E+02
       239,-1.561290796E-02, 1.982722077E-02, 8.011917014E+02
       240, 1.870764608E-02, 1.987699639E-02, 7.985904348E+02
       241,-1.569258962E-02, 1.989084060E-02, 8.011768303E+02
       242, 1.899755782E-02, 1.995420228E-02, 7.985159595E+02
       243,-1.577242911E-02, 1.995518276E-02, 8.011619122E+02
       244,-1.585145291E-02, 2.001946180E-02, 8.011471021E+02
       245, 1.928773956E-02, 2.003148008E-02, 7.984355399E+02
       246,-1.592972881E-02, 2.008372181E-02, 8.011324641E+02
       247, 1.957821628E-02, 2.010883642E-02, 7.983481712E+02
       248,-1.600783896E-02, 2.014843694E-02, 8.011178508E+02
       249, 1.986854555E-02, 2.018615351E-02, 7.982535048E+02
       250,-1.608523035E-02, 2.021314555E-02, 8.011033231E+02
       251, 2.015855814E-02, 2.026338625E-02, 7.981514091E+02
       252,-1.616255143E-02, 2.027838747E-02, 8.010887608E+02
       253, 2.044861814E-02, 2.034063162E-02, 7.980404933E+02
       254,-1.623970089E-02, 2.034408119E-02, 8.010741493E+02
       255,-1.631612756E-02, 2.040975383E-02, 8.010596359E+02
       256, 2.073894331E-02, 2.041794761E-02, 7.979192650E+02
       257,-1.639212399E-02, 2.047565019E-02, 8.010452222E+02
       258, 2.102928071E-02, 2.049526686E-02, 7.977874059E+02
       259,-1.646834049E-02, 2.054233866E-02, 8.010307627E+02
       260, 2.131946297E-02, 2.057254479E-02, 7.976447382E+02
       261,-1.654408477E-02, 2.060921758E-02, 8.010163950E+02
       262, 2.160943673E-02, 2.064976720E-02, 7.974894737E+02
       263,-1.661953653E-02, 2.067644367E-02, 8.010021273E+02
       264, 2.189957515E-02, 2.072703345E-02, 7.973196814E+02
       265,-1.669555941E-02, 2.074479719E-02, 8.009877030E+02
       266, 2.218994538E-02, 2.080436144E-02, 7.971373542E+02
       267,-1.677070224E-02, 2.081297708E-02, 8.009733753E+02
       268,-1.684570604E-02, 2.088165074E-02, 8.009590507E+02
       269, 2.248031960E-02, 2.088169049E-02, 7.969470014E+02
       270,-1.692095827E-02, 2.095118209E-02, 8.009445900E+02
       271, 2.277047923E-02, 2.095896240E-02, 7.967515438E+02
       272,-1.699513268E-02, 2.102034312E-02, 8.009303133E+02
       273, 2.306038877E-02, 2.103616770E-02, 7.965506407E+02
       274,-1.706900636E-02, 2.108984889E-02, 8.009161445E+02
       275, 2.335046263E-02, 2.111341676E-02, 7.963420447E+02
       276,-1.714221510E-02, 2.115935238E-02, 8.009021123E+02
       277, 2.364068397E-02, 2.119070510E-02, 7.961241001E+02
       278,-1.721461915E-02, 2.122871008E-02, 8.008882322E+02
       279, 2.393112797E-02, 2.126805274E-02, 7.958959091E+02
       280,-1.728693513E-02, 2.129860499E-02, 8.008743028E+02
       281, 2.422143853E-02, 2.134536483E-02, 7.956577239E+02
       282,-1.735850425E-02, 2.136839759E-02, 8.008604338E+02
       283, 2.451138262E-02, 2.142257934E-02, 7.954106533E+02
       284,-1.742980873E-02, 2.143855311E-02, 8.008465802E+02
       285, 2.480133003E-02, 2.149979473E-02, 7.951562620E+02
       286,-1.750068881E-02, 2.150891345E-02, 8.008328008E+02
       287, 2.509129276E-02, 2.157701420E-02, 7.948963544E+02
       288,-1.757075431E-02, 2.157908316E-02, 8.008192420E+02
       289,-1.764083841E-02, 2.164989440E-02, 8.008057350E+02
       290, 2.538162265E-02, 2.165433144E-02, 7.946310793E+02
       291,-1.771028020E-02, 2.172067937E-02, 8.007923597E+02
       292, 2.567193795E-02, 2.173164480E-02, 7.943606094E+02
       293,-1.777920741E-02, 2.179156108E-02, 8.007790521E+02
       294, 2.596191429E-02, 2.180886789E-02, 7.940862044E+02
       295,-1.784799015E-02, 2.186291971E-02, 8.007655265E+02
       296, 2.625212315E-02, 2.188615291E-02, 7.938109915E+02
       297,-1.791574050E-02, 2.193382649E-02, 8.007515380E+02
       298, 2.654244741E-02, 2.196346866E-02, 7.935351603E+02
       299,-1.798328060E-02, 2.200513337E-02, 8.007359710E+02
       300, 2.683272119E-02, 2.204077096E-02, 7.932652812E+02
       301,-1.805040945E-02, 2.207662812E-02, 8.007169625E+02
       302, 2.712283688E-02, 2.211803116E-02, 7.930053356E+02
       303,-1.811697860E-02, 2.214814778E-02, 8.006919734E+02
       304, 2.741275251E-02, 2.219523809E-02, 7.927509245E+02
       305,-1.818429550E-02, 2.222110858E-02, 8.006607917E+02
       306, 2.770305582E-02, 2.227254826E-02, 7.925016063E+02
       307,-1.825580362E-02, 2.229895588E-02, 8.006282879E+02
       308, 2.799361163E-02, 2.234992567E-02, 7.922564380E+02
       309,-1.834247775E-02, 2.239331366E-02, 8.005968167E+02
       310, 2.828376280E-02, 2.242719532E-02, 7.920161361E+02
       311, 2.857364457E-02, 2.250439323E-02, 7.917852564E+02
       312,-1.845546098E-02, 2.251631283E-02, 8.005651973E+02
       313, 2.886351857E-02, 2.258158906E-02, 7.915640005E+02
       314, 2.915379001E-02, 2.265889075E-02, 7.913540667E+02
       315,-1.859455799E-02, 2.266774077E-02, 8.005340442E+02
       316, 2.944440737E-02, 2.273628455E-02, 7.911604217E+02
       317, 2.973461539E-02, 2.281356934E-02, 7.909838511E+02
       318,-1.877090818E-02, 2.285972437E-02, 8.005024155E+02
       319, 3.002446784E-02, 2.289075944E-02, 7.908269786E+02
       320, 3.031431796E-02, 2.296794892E-02, 7.906917093E+02
       321, 3.060448211E-02, 2.304522203E-02, 7.905774592E+02
       322,-1.899251916E-02, 2.310098112E-02, 8.004700916E+02
       323, 3.089499531E-02, 2.312258809E-02, 7.904821952E+02
       324, 3.118527487E-02, 2.319989193E-02, 7.904050597E+02
       325, 3.147520874E-02, 2.327710371E-02, 7.903468926E+02
       326, 3.176525499E-02, 2.335434543E-02, 7.903089987E+02
       327,-1.926022196E-02, 2.339241573E-02, 8.004368232E+02
       328, 3.205556121E-02, 2.343165637E-02, 7.902924608E+02
       329, 3.234588447E-02, 2.350897185E-02, 7.902983585E+02
       330, 3.263606584E-02, 2.358624954E-02, 7.903275198E+02
       331, 3.292605515E-02, 2.366347609E-02, 7.903797938E+02
       332,-1.956945838E-02, 2.372906591E-02, 8.004012646E+02
       333, 3.321625021E-02, 2.374075743E-02, 7.904529041E+02
       334, 3.350664441E-02, 2.381809180E-02, 7.905458466E+02
       335, 3.379691615E-02, 2.389539356E-02, 7.906565462E+02
       336, 3.408700273E-02, 2.397264601E-02, 7.907810981E+02
       337, 3.437692005E-02, 2.404985339E-02, 7.909173198E+02
       338,-1.990288472E-02, 2.409205043E-02, 8.003638812E+02
       339, 3.466709058E-02, 2.412712820E-02, 7.910636230E+02
       340, 3.495734501E-02, 2.420442535E-02, 7.912194640E+02
       341, 3.524767590E-02, 2.428174286E-02, 7.913845321E+02
       342, 3.553792972E-02, 2.435903985E-02, 7.915567108E+02
       343, 3.582786389E-02, 2.443625171E-02, 7.917319991E+02
       344,-2.024327758E-02, 2.446261906E-02, 8.003264917E+02
       345, 3.611786902E-02, 2.451348247E-02, 7.919065899E+02
       346, 3.640794874E-02, 2.459073309E-02, 7.920774463E+02
       347, 3.669831138E-02, 2.466805906E-02, 7.922427749E+02
       348, 3.698859515E-02, 2.474536402E-02, 7.924015119E+02
       349, 3.727857971E-02, 2.482258931E-02, 7.925535717E+02
       350,-2.058392274E-02, 2.483346235E-02, 8.002903240E+02
       351, 3.756874680E-02, 2.489986320E-02, 7.926993328E+02
       352, 3.785903869E-02, 2.497717032E-02, 7.928378081E+02
       353, 3.814936391E-02, 2.505448633E-02, 7.929667242E+02
       354, 3.843949152E-02, 2.513174970E-02, 7.930842487E+02
       355,-2.092433116E-02, 2.520404792E-02, 8.002567544E+02
       356, 3.872938596E-02, 2.520895098E-02, 7.931912498E+02
       357, 3.901964555E-02, 2.528624951E-02, 7.932910770E+02
       358, 3.931017673E-02, 2.536362036E-02, 7.933853756E+02
       359, 3.960033127E-02, 2.544089091E-02, 7.934705270E+02
       360, 3.989020381E-02, 2.551808636E-02, 7.935397457E+02
       361,-2.126462248E-02, 2.557450600E-02, 8.002266371E+02
       362, 4.018007259E-02, 2.559528081E-02, 7.935892771E+02
       363, 4.047033695E-02, 2.567258060E-02, 7.936225968E+02
       364, 4.076097263E-02, 2.574997928E-02, 7.936474209E+02
       365, 4.105120917E-02, 2.582727167E-02, 7.936689527E+02
       366, 4.134107290E-02, 2.590446478E-02, 7.936862247E+02
       367,-2.160482350E-02, 2.594486578E-02, 8.001997491E+02
       368, 4.163093804E-02, 2.598165825E-02, 7.936947835E+02
       369, 4.192112759E-02, 2.605893813E-02, 7.936918363E+02
       370, 4.221170149E-02, 2.613632035E-02, 7.936776974E+02
       371, 4.250195773E-02, 2.621361799E-02, 7.936532251E+02
       372, 4.279183811E-02, 2.629081553E-02, 7.936194079E+02
       373,-2.194513779E-02, 2.631534888E-02, 8.001751245E+02
       374, 4.308188053E-02, 2.636805621E-02, 7.935750247E+02
       375, 4.337216471E-02, 2.644536129E-02, 7.935191852E+02
       376, 4.366254661E-02, 2.652269239E-02, 7.934554963E+02
       377, 4.395278352E-02, 2.659998487E-02, 7.933885425E+02
       378, 4.424277893E-02, 2.667721304E-02, 7.933217173E+02
       379,-2.228508677E-02, 2.668543427E-02, 8.001523150E+02
       380, 4.453302271E-02, 2.675450735E-02, 7.932582458E+02
       381, 4.482342295E-02, 2.683184334E-02, 7.932026850E+02
       382, 4.511356760E-02, 2.690911125E-02, 7.931561913E+02
       383, 4.540356461E-02, 2.698633985E-02, 7.931113817E+02
       384,-2.262520105E-02, 2.705569962E-02, 8.001311081E+02
       385, 4.569349744E-02, 2.706355136E-02, 7.930567814E+02
       386, 4.598374908E-02, 2.714084776E-02, 7.929872453E+02
       387, 4.627401700E-02, 2.721814851E-02, 7.929081772E+02
       388, 4.656421634E-02, 2.729543098E-02, 7.928317721E+02
       389, 4.685439776E-02, 2.737270869E-02, 7.927665527E+02
       390,-2.296454941E-02, 2.742513115E-02, 8.001118400E+02
       391, 4.714432654E-02, 2.744991912E-02, 7.927158728E+02
       392, 4.743443312E-02, 2.752717690E-02, 7.926695927E+02
       393, 4.772466366E-02, 2.760446768E-02, 7.926164453E+02
       394, 4.801503409E-02, 2.768179573E-02, 7.925489483E+02
       395, 4.830526887E-02, 2.775908765E-02, 7.924833803E+02
       396,-2.330399907E-02, 2.779467296E-02, 8.000946629E+02
       397, 4.859523618E-02, 2.783630833E-02, 7.924394954E+02
       398, 4.888532978E-02, 2.791356265E-02, 7.924261728E+02
       399, 4.917557196E-02, 2.799085654E-02, 7.924370391E+02
       400, 4.946592140E-02, 2.806817899E-02, 7.924650621E+02
       401, 4.975604109E-02, 2.814544026E-02, 7.924959653E+02
       402,-2.364390376E-02, 2.816471015E-02, 8.000797111E+02
       403, 5.004598007E-02, 2.822265341E-02, 7.925234593E+02
       404, 5.033625218E-02, 2.829995526E-02, 7.925458144E+02
       405, 5.062672508E-02, 2.837731059E-02, 7.925726137E+02
       406, 5.091685713E-02, 2.845457515E-02, 7.926159607E+02
       407, 5.120670996E-02, 2.853176535E-02, 7.926841554E+02
       408,-2.398382121E-02, 2.853476121E-02, 8.000670170E+02
       409, 5.149656256E-02, 2.860895550E-02, 7.927793275E+02
       410, 5.178679659E-02, 2.868624721E-02, 7.928954218E+02
       411, 5.207741515E-02, 2.876364133E-02, 7.930239042E+02
       412, 5.236765713E-02, 2.884093517E-02, 7.931504516E+02
       413,-2.432413555E-02, 2.890524436E-02, 8.000563994E+02
       414, 5.265752198E-02, 2.891812857E-02, 7.932675274E+02
       415, 5.294739297E-02, 2.899532361E-02, 7.933742471E+02
       416, 5.323758443E-02, 2.907260399E-02, 7.934756378E+02
       417, 5.352818830E-02, 2.914999420E-02, 7.935734534E+02
       418, 5.381848744E-02, 2.922730325E-02, 7.936697826E+02
       419,-2.466433534E-02, 2.927560280E-02, 8.000478168E+02
       420, 5.410839106E-02, 2.930450698E-02, 7.937653046E+02
       421, 5.439841480E-02, 2.938174270E-02, 7.938622668E+02
       422, 5.468865556E-02, 2.945903621E-02, 7.939577090E+02
       423, 5.497908443E-02, 2.953637981E-02, 7.940580023E+02
       424, 5.526935051E-02, 2.961368007E-02, 7.941877641E+02
       425,-2.500475549E-02, 2.964620114E-02, 8.000411848E+02
       426, 5.555933136E-02, 2.969090436E-02, 7.943643525E+02
       427, 5.584960973E-02, 2.976820789E-02, 7.947555086E+02
       428, 5.613999384E-02, 2.984553957E-02, 7.944542276E+02
       429, 5.643004822E-02, 2.992278345E-02, 7.997896731E+02
       430, 5.672000000E-02, 3.000000000E-02, 7.678488430E+02
       431,-2.534488403E-02, 3.001648202E-02, 8.000364717E+02
       432,-2.568508054E-02, 3.038683689E-02, 8.000335423E+02
       433,-2.602477916E-02, 3.075664973E-02, 8.000319204E+02
       434,-2.636442706E-02, 3.112640735E-02, 8.000310162E+02
       435,-2.670385234E-02, 3.149592262E-02, 8.000301381E+02
       436,-2.704313070E-02, 3.186527796E-02, 8.000287066E+02
       437,-2.738305222E-02, 3.223533345E-02, 8.000263826E+02
       438,-2.772275053E-02, 3.260514595E-02, 8.000230301E+02
       439,-2.806268765E-02, 3.297521844E-02, 8.000188243E+02
       440,-2.840235078E-02, 3.334499265E-02, 8.000141108E+02
       441,-2.874187403E-02, 3.371461457E-02, 8.000089991E+02
       442,-2.908145122E-02, 3.408429522E-02, 8.000034711E+02
       443,-2.942119482E-02, 3.445415704E-02, 7.999976009E+02
       444,-2.976069346E-02, 3.482375217E-02, 7.999914646E+02
       445,-3.010040639E-02, 3.519358059E-02, 7.999851054E+02
       446,-3.044013510E-02, 3.556342619E-02, 7.999783620E+02
       447,-3.078015226E-02, 3.593358581E-02, 7.999710105E+02
       448,-3.112024490E-02, 3.630382761E-02, 7.999630032E+02
       449,-3.146020310E-02, 3.667392303E-02, 7.999543192E+02
       450,-3.179984071E-02, 3.704366947E-02, 7.999449331E+02
       451,-3.213870218E-02, 3.741257094E-02, 7.999348071E+02
       452,-3.247667969E-02, 3.778051009E-02, 7.999238927E+02
       453,-3.281305892E-02, 3.814670928E-02, 7.999121142E+02
       454,-3.314793086E-02, 3.851126757E-02, 7.998991915E+02
       455,-3.348034870E-02, 3.887315419E-02, 7.998846930E+02
       456,-3.381074508E-02, 3.923284015E-02, 7.998680132E+02
       457,-3.413976942E-02, 3.959103243E-02, 7.998490513E+02
       458,-3.446662003E-02, 3.994685830E-02, 7.998303962E+02
       459,-3.479193986E-02, 4.030101767E-02, 7.998193356E+02
       460,-3.511550489E-02, 4.065326668E-02, 7.998165176E+02
       461,-3.543767395E-02, 4.100399597E-02, 7.997947567E+02
       462,-3.575862991E-02, 4.135340462E-02, 7.997456908E+02
       463,-3.607865983E-02, 4.170180514E-02, 7.997236156E+02
       464,-3.639845855E-02, 4.204995396E-02, 7.996708896E+02
       465,-1.267200000E-01, 4.240000000E-02, 7.999270824E+02
       466,-1.252200000E-01, 4.240000000E-02, 8.000915238E+02
       467,-1.237200000E-01, 4.240000000E-02, 8.000873244E+02
       468,-1.222200000E-01, 4.240000000E-02, 8.000707958E+02
       469,-1.207200000E-01, 4.240000000E-02, 8.000564872E+02
       470,-1.192200000E-01, 4.240000000E-02, 8.000475685E+02
       471,-1.177200000E-01, 4.240000000E-02, 8.000421405E+02
       472,-1.162200000E-01, 4.240000000E-02, 8.000377005E+02
       473,-1.147200000E-01, 4.240000000E-02, 8.000330511E+02
       474,-1.132200000E-01, 4.240000000E-02, 8.000280225E+02
       475,-1.117200000E-01, 4.240000000E-02, 8.000229421E+02
       476,-1.102200000E-01, 4.240000000E-02, 8.000183495E+02
       477,-1.087200000E-01, 4.240000000E-02, 8.000144819E+02
       478,-1.072200000E-01, 4.240000000E-02, 8.000113259E+02
       479,-1.057200000E-01, 4.240000000E-02, 8.000087544E+02
       480,-1.042200000E-01, 4.240000000E-02, 8.000066229E+02
       481,-1.027200000E-01, 4.240000000E-02, 8.000048138E+02
       482,-1.012200000E-01, 4.240000000E-02, 8.000032325E+02
       483,-9.972000000E-02, 4.240000000E-02, 8.000018072E+02
       484,-9.822000000E-02, 4.240000000E-02, 8.000004948E+02
       485,-9.672000000E-02, 4.240000000E-02, 7.999993047E+02
       486,-9.522000000E-02, 4.240000000E-02, 7.999983261E+02
       487,-9.372000000E-02, 4.240000000E-02, 7.999977424E+02
       488,-9.222000000E-02, 4.240000000E-02, 7.999977920E+02
       489,-9.072000000E-02, 4.240000000E-02, 7.999984664E+02
       490,-8.922000000E-02, 4.240000000E-02, 7.999992066E+02
       491,-8.772000000E-02, 4.240000000E-02, 7.999991390E+02
       492,-8.622000000E-02, 4.240000000E-02, 7.999974084E+02
       493,-8.472000000E-02, 4.240000000E-02, 7.999940279E+02
       494,-8.322000000E-02, 4.240000000E-02, 7.999903424E+02
       495,-8.172000000E-02, 4.240000000E-02, 7.999876100E+02
       496,-8.022000001E-02, 4.240000000E-02, 7.999861192E+02
       497,-7.872000018E-02, 4.240000000E-02, 7.999855603E+02
       498,-7.722000127E-02, 4.240000000E-02, 7.999854784E+02
       499,-7.572000615E-02, 4.240000000E-02, 7.999854138E+02
       500,-7.422002310E-02, 4.240000000E-02, 7.999850475E+02
       501,-7.272007195E-02, 4.240000000E-02, 7.999843704E+02
       502,-7.122019337E-02, 4.240000000E-02, 7.999835031E+02
       503,-6.972046084E-02, 4.240000000E-02, 7.999825830E+02
       504,-6.822099341E-02, 4.240000000E-02, 7.999816785E+02
       505,-6.672196615E-02, 4.240000000E-02, 7.999808901E+02
       506,-6.522361503E-02, 4.240000000E-02, 7.999804341E+02
       507,-6.372623310E-02, 4.240000000E-02, 7.999803665E+02
       508,-6.223015663E-02, 4.240000000E-02, 7.999795233E+02
       509,-6.073574167E-02, 4.240000000E-02, 7.999762328E+02
       510,-5.924333387E-02, 4.240000000E-02, 7.999736347E+02
       511,-5.775323566E-02, 4.240000000E-02, 7.999901051E+02
       512,-5.626567592E-02, 4.240000000E-02, 8.000328908E+02
       513,-5.478078661E-02, 4.240000000E-02, 8.000670398E+02
       514,-5.329858999E-02, 4.240000000E-02, 8.000990836E+02
       515,-5.181899775E-02, 4.240000000E-02, 8.002168839E+02
       516,-5.034182174E-02, 4.240000000E-02, 8.004806351E+02
       517,-4.886679417E-02, 4.240000000E-02, 8.007680591E+02
       518,-4.739359366E-02, 4.240000000E-02, 8.010409609E+02
       519,-4.592187324E-02, 4.240000000E-02, 8.012392102E+02
       520,-4.445128639E-02, 4.240000000E-02, 8.013943700E+02
       521,-4.298150804E-02, 4.240000000E-02, 8.014405333E+02
       522,-4.157370561E-02, 4.240000000E-02, 8.011446598E+02
       523,-4.033660991E-02, 4.240000000E-02, 8.007459746E+02
       524,-3.931120251E-02, 4.240000000E-02, 8.004618477E+02
       525,-3.847235276E-02, 4.240000000E-02, 8.003182105E+02
       526,-3.778648145E-02, 4.240000000E-02, 8.000276951E+02
       527,-3.722375238E-02, 4.240000000E-02, 7.996691098E+02
       528,-3.672000000E-02, 4.240000000E-02, 7.995750553E+02
