(title "Static Temperature")
(labels "Position" "Static Temperature")

((xy/key/label "chamber_wall")
-0.12672	799.927
-0.12522	800.092
-0.12372	800.087
-0.12222	800.071
-0.12072	800.056
-0.11922	800.048
-0.11772	800.042
-0.11622	800.038
-0.11472	800.033
-0.11322	800.028
-0.11172	800.023
-0.11022	800.018
-0.10872	800.014
-0.10722	800.011
-0.10572	800.009
-0.10422	800.007
-0.10272	800.005
-0.10122	800.003
-0.09972	800.002
-0.09822	800
-0.09672	799.999
-0.09522	799.998
-0.09372	799.998
-0.09222	799.998
-0.09072	799.998
-0.08922	799.999
-0.08772	799.999
-0.08622	799.997
-0.08472	799.994
-0.08322	799.99
-0.08172	799.988
-0.08022	799.986
-0.07872	799.986
-0.07722	799.985
-0.07572	799.985
-0.07422	799.985
-0.0727201	799.984
-0.0712202	799.984
-0.0697205	799.983
-0.068221	799.982
-0.066722	799.981
-0.0652236	799.98
-0.0637262	799.98
-0.0622302	799.98
-0.0607357	799.976
-0.0592433	799.974
-0.0577532	799.99
-0.0562657	800.033
-0.0547808	800.067
-0.0532986	800.099
-0.051819	800.217
-0.0503418	800.481
-0.0488668	800.768
-0.0473936	801.041
-0.0459219	801.239
-0.0444513	801.394
-0.0429815	801.441
-0.0415737	801.145
-0.0403366	800.746
-0.0393112	800.462
-0.0384724	800.318
-0.0377865	800.028
-0.0372238	799.669
-0.03672	799.575
)

((xy/key/label "convergin_throat_diverging")
0.05672	767.849
0.05643	799.79
0.05614	794.454
0.0558496	794.755
0.0555593	794.364
0.0552693	794.188
0.0549791	794.058
0.0546887	793.958
0.0543984	793.862
0.0541084	793.765
0.0538185	793.67
0.0535282	793.573
0.0532376	793.476
0.0529474	793.374
0.0526575	793.268
0.0523677	793.15
0.0520774	793.024
0.0517868	792.895
0.0514966	792.779
0.0512067	792.684
0.0509169	792.616
0.0506267	792.573
0.0503363	792.546
0.050046	792.523
0.049756	792.496
0.0494659	792.465
0.0491756	792.437
0.0488853	792.426
0.0485952	792.44
0.0483053	792.483
0.048015	792.549
0.0477247	792.616
0.0474344	792.67
0.0471443	792.716
0.0468544	792.767
0.0465642	792.832
0.046274	792.908
0.0459838	792.987
0.0456935	793.057
0.0454036	793.111
0.0451136	793.156
0.0448234	793.203
0.044533	793.258
0.0442428	793.322
0.0439528	793.389
0.0436625	793.456
0.0433722	793.519
0.0430819	793.575
0.0427918	793.619
0.042502	793.653
0.0422117	793.678
0.0419211	793.692
0.0416309	793.695
0.0413411	793.686
0.0410512	793.669
0.040761	793.647
0.0404703	793.623
0.0401801	793.589
0.0398902	793.54
0.0396003	793.471
0.0393102	793.385
0.0390196	793.291
0.0387294	793.191
0.0384395	793.084
0.0381494	792.967
0.037859	792.838
0.0375687	792.699
0.0372786	792.554
0.0369886	792.401
0.0366983	792.243
0.0364079	792.077
0.0361179	791.907
0.0358279	791.732
0.0355379	791.557
0.0352477	791.385
0.0349573	791.219
0.0346671	791.064
0.0343769	790.917
0.034087	790.781
0.0337969	790.657
0.0335066	790.546
0.0332162	790.453
0.0329261	790.38
0.0326361	790.328
0.0323459	790.298
0.0320556	790.292
0.0317653	790.309
0.0314752	790.347
0.0311853	790.405
0.030895	790.482
0.0306045	790.577
0.0303143	790.692
0.0300245	790.827
0.0297346	790.984
0.0294444	791.16
0.0291538	791.354
0.0288635	791.564
0.0285736	791.785
0.0282838	792.016
0.0279936	792.256
0.0277031	792.502
0.0274128	792.751
0.0271228	793.005
0.0268327	793.265
0.0265424	793.535
0.0262521	793.811
0.0259619	794.086
0.0256719	794.361
0.0253816	794.631
0.0250913	794.896
0.0248013	795.156
0.0245114	795.411
0.0242214	795.658
0.0239311	795.896
0.0236407	796.124
0.0233505	796.342
0.0230604	796.551
0.0227705	796.752
0.0224803	796.947
0.0221899	797.137
0.0218996	797.32
0.0216094	797.49
0.0213195	797.645
0.0210293	797.787
0.0207389	797.919
0.0204486	798.04
0.0201586	798.151
0.0198685	798.253
0.0195782	798.348
0.0192877	798.436
0.0189976	798.516
0.0187076	798.59
0.0184177	798.66
0.0181274	798.724
0.0178367	798.782
0.0175462	798.833
0.0172561	798.875
0.0169659	798.911
0.0166754	798.942
0.0163844	798.971
0.0160935	799
0.0158028	799.025
0.0155119	799.044
0.0152208	799.058
0.0149293	799.066
0.0146377	799.071
0.0143462	799.077
0.0140542	799.087
0.0137619	799.102
0.0134698	799.122
0.0131776	799.145
0.0128853	799.171
0.0125925	799.199
0.0122993	799.227
0.0120066	799.254
0.0117142	799.28
0.0114219	799.303
0.0111295	799.325
0.0108369	799.348
0.0105448	799.374
0.0102534	799.408
0.00996217	799.45
0.00967094	799.497
0.00937979	799.547
0.00908896	799.6
0.00879856	799.661
0.00850816	799.734
0.00821761	799.817
0.00792724	799.904
0.00763715	799.989
0.00734723	800.069
0.00705705	800.144
0.00676671	800.22
0.00647631	800.303
0.00618606	800.398
0.0058961	800.505
0.00560604	800.628
0.00531594	800.767
0.00502555	800.918
0.00473518	801.077
0.00444514	801.242
0.00415501	801.418
0.00386479	801.616
0.00357435	801.838
0.00328405	802.067
0.00299405	802.28
0.00270372	802.47
0.00241318	802.689
0.00212704	803.081
0.00185812	803.768
0.00162697	804.793
0.00144016	806.015
0.00128863	807.232
0.00116633	808.007
0.00106351	808.173
0.000968634	807.988
0.000872428	807.703
0.00077585	807.412
0.000679346	807.095
0.000583008	806.744
0.000486503	806.348
0.00038935	805.878
0.000291725	805.325
0.000194087	804.698
9.67429e-05	804.059
-1.95156e-18	803.586
-0.000100177	803.361
-0.000200142	803.296
-0.000300101	803.282
-0.00040033	803.278
-0.000500868	803.273
-0.000601687	803.266
-0.000702759	803.256
-0.000804056	803.244
-0.000905549	803.23
-0.00100721	803.215
-0.00110901	803.199
-0.00121092	803.185
-0.0013129	803.171
-0.00141494	803.158
-0.001517	803.146
-0.00161905	803.136
-0.00172108	803.125
-0.00182309	803.114
-0.00192506	803.103
-0.00202695	803.091
-0.00212873	803.08
-0.00223029	803.068
-0.00233153	803.057
-0.00243234	803.046
-0.00253266	803.036
-0.00263301	803.029
-0.00273389	803.022
-0.00283518	803.013
-0.00293679	803.002
-0.00303863	802.988
-0.00314058	802.975
-0.00324255	802.963
-0.00334444	802.952
-0.00344613	802.94
-0.00354754	802.929
-0.00364856	802.918
-0.00374909	802.907
-0.00384916	802.898
-0.00394887	802.888
-0.00404851	802.879
-0.00414833	802.869
-0.00424846	802.86
-0.00434891	802.849
-0.00444974	802.839
-0.00455075	802.828
-0.00465144	802.817
-0.00475124	802.807
-0.00485092	802.797
-0.00495143	802.786
-0.00505219	802.776
-0.00515262	802.765
-0.0052523	802.754
-0.00535173	802.744
-0.00545175	802.733
-0.00555221	802.722
-0.00565249	802.711
-0.00575187	802.7
-0.00585101	802.689
-0.00595083	802.678
-0.00605091	802.667
-0.00615051	802.656
-0.00624921	802.646
-0.00634777	802.635
-0.0064469	802.624
-0.00654633	802.613
-0.00664559	802.602
-0.00674395	802.591
-0.00684193	802.579
-0.00694048	802.568
-0.00703915	802.556
-0.00713704	802.544
-0.00723463	802.533
-0.00733278	802.521
-0.00743089	802.509
-0.00752844	802.497
-0.00762615	802.485
-0.00772377	802.473
-0.00782124	802.461
-0.00791904	802.448
-0.00801663	802.436
-0.00811357	802.423
-0.00821056	802.411
-0.00830772	802.398
-0.00840478	802.385
-0.00850186	802.372
-0.00859868	802.359
-0.00869476	802.346
-0.00879076	802.333
-0.00888725	802.32
-0.00898356	802.306
-0.00907955	802.293
-0.00917534	802.279
-0.00927032	802.266
-0.00936511	802.252
-0.00946051	802.239
-0.00955551	802.225
-0.00965	802.211
-0.0097445	802.198
-0.00983852	802.184
-0.00993225	802.17
-0.0100261	802.156
-0.0101201	802.142
-0.0102138	802.128
-0.0103071	802.114
-0.0104008	802.1
-0.0104946	802.085
-0.0105882	802.071
-0.0106811	802.056
-0.0107739	802.042
-0.0108673	802.027
-0.0109604	802.012
-0.0110522	801.997
-0.0111439	801.982
-0.0112364	801.967
-0.0113285	801.952
-0.0114197	801.937
-0.0115109	801.922
-0.0116022	801.907
-0.0116927	801.892
-0.0117829	801.877
-0.011873	801.862
-0.011963	801.847
-0.0120527	801.832
-0.0121421	801.817
-0.0122314	801.802
-0.0123204	801.787
-0.0124091	801.772
-0.0124977	801.756
-0.0125861	801.741
-0.0126744	801.725
-0.012763	801.71
-0.0128511	801.694
-0.0129384	801.679
-0.0130258	801.664
-0.013114	801.648
-0.0132015	801.633
-0.0132881	801.617
-0.0133741	801.602
-0.0134601	801.587
-0.0135459	801.572
-0.0136315	801.556
-0.0137172	801.541
-0.0138023	801.525
-0.013887	801.51
-0.0139719	801.494
-0.0140571	801.479
-0.0141415	801.463
-0.0142255	801.447
-0.0143092	801.432
-0.0143921	801.417
-0.0144749	801.402
-0.0145578	801.387
-0.0146407	801.372
-0.0147233	801.357
-0.0148063	801.341
-0.0148886	801.326
-0.0149699	801.311
-0.0150507	801.296
-0.0151314	801.281
-0.0152119	801.266
-0.0152921	801.251
-0.0153725	801.236
-0.0154524	801.221
-0.0155325	801.207
-0.0156129	801.192
-0.0156926	801.177
-0.0157724	801.162
-0.0158515	801.147
-0.0159297	801.132
-0.0160078	801.118
-0.0160852	801.103
-0.0161626	801.089
-0.0162397	801.074
-0.0163161	801.06
-0.0163921	801.045
-0.0164683	801.031
-0.0165441	801.016
-0.0166195	801.002
-0.0166956	800.988
-0.0167707	800.973
-0.0168457	800.959
-0.016921	800.945
-0.0169951	800.93
-0.017069	800.916
-0.0171422	800.902
-0.0172146	800.888
-0.0172869	800.874
-0.0173585	800.86
-0.0174298	800.847
-0.0175007	800.833
-0.0175708	800.819
-0.0176408	800.806
-0.0177103	800.792
-0.0177792	800.779
-0.017848	800.766
-0.0179157	800.752
-0.0179833	800.736
-0.0180504	800.717
-0.018117	800.692
-0.0181843	800.661
-0.0182558	800.628
-0.0183425	800.597
-0.0184555	800.565
-0.0185946	800.534
-0.0187709	800.502
-0.0189925	800.47
-0.0192602	800.437
-0.0195695	800.401
-0.0199029	800.364
-0.0202433	800.326
-0.0205839	800.29
-0.0209243	800.257
-0.0212646	800.227
-0.0216048	800.2
-0.0219451	800.175
-0.0222851	800.152
-0.0226252	800.131
-0.0229646	800.112
-0.023304	800.095
-0.0236439	800.08
-0.0239838	800.067
-0.0243241	800.056
-0.0246643	800.048
-0.0250048	800.041
-0.0253449	800.036
-0.0256851	800.034
-0.0260248	800.032
-0.0263644	800.031
-0.0267039	800.03
-0.0270431	800.029
-0.0273831	800.026
-0.0277227	800.023
-0.0280627	800.019
-0.0284024	800.014
-0.0287419	800.009
-0.0290815	800.003
-0.0294212	799.998
-0.0297607	799.991
-0.0301004	799.985
-0.0304401	799.978
-0.0307802	799.971
-0.0311202	799.963
-0.0314602	799.954
-0.0317998	799.945
-0.0321387	799.935
-0.0324767	799.924
-0.0328131	799.912
-0.0331479	799.899
-0.0334803	799.885
-0.0338107	799.868
-0.0341398	799.849
-0.0344666	799.83
-0.0347919	799.819
-0.0351155	799.817
-0.0354377	799.795
-0.0357586	799.746
-0.0360787	799.724
-0.0363985	799.671
-0.03672	799.575
)
