(title "Static Pressure")
(labels "Position" "Static Pressure")

((xy/key/label "chamber_wall")
-0.12672	1.89931e+06
-0.12522	1.89296e+06
-0.12372	1.89291e+06
-0.12222	1.89288e+06
-0.12072	1.89287e+06
-0.11922	1.89287e+06
-0.11772	1.89287e+06
-0.11622	1.89286e+06
-0.11472	1.89286e+06
-0.11322	1.89285e+06
-0.11172	1.89284e+06
-0.11022	1.89284e+06
-0.10872	1.89283e+06
-0.10722	1.89283e+06
-0.10572	1.89283e+06
-0.10422	1.89283e+06
-0.10272	1.89282e+06
-0.10122	1.89282e+06
-0.09972	1.89282e+06
-0.09822	1.89282e+06
-0.09672	1.89282e+06
-0.09522	1.89282e+06
-0.09372	1.89282e+06
-0.09222	1.89283e+06
-0.09072	1.89284e+06
-0.08922	1.89285e+06
-0.08772	1.89285e+06
-0.08622	1.89286e+06
-0.08472	1.89286e+06
-0.08322	1.89287e+06
-0.08172	1.89288e+06
-0.08022	1.89289e+06
-0.07872	1.89291e+06
-0.07722	1.89293e+06
-0.07572	1.89295e+06
-0.07422	1.89297e+06
-0.0727201	1.893e+06
-0.0712202	1.89304e+06
-0.0697205	1.89308e+06
-0.068221	1.89312e+06
-0.066722	1.89318e+06
-0.0652236	1.89324e+06
-0.0637262	1.89332e+06
-0.0622302	1.8934e+06
-0.0607357	1.89347e+06
-0.0592433	1.89355e+06
-0.0577532	1.89376e+06
-0.0562657	1.89413e+06
-0.0547808	1.89425e+06
-0.0532986	1.89399e+06
-0.051819	1.89397e+06
-0.0503418	1.89468e+06
-0.0488668	1.89511e+06
-0.0473936	1.89504e+06
-0.0459219	1.89451e+06
-0.0444513	1.89481e+06
-0.0429815	1.89588e+06
-0.0415737	1.89584e+06
-0.0403366	1.89563e+06
-0.0393112	1.89553e+06
-0.0384724	1.89588e+06
-0.0377865	1.89594e+06
-0.0372238	1.8957e+06
-0.03672	1.89608e+06
)

((xy/key/label "convergin_throat_diverging")
0.05672	-39959.2
0.05643	-38337
0.05614	-37606.3
0.0558496	-36932.5
0.0555593	-36320.5
0.0552693	-35723.6
0.0549791	-35129.6
0.0546887	-34535.9
0.0543984	-33935.7
0.0541084	-33328.1
0.0538185	-32712.8
0.0535282	-32083.2
0.0532376	-31433.8
0.0529474	-30767.2
0.0526575	-30083.5
0.0523677	-29377.4
0.0520774	-28646.7
0.0517868	-27901.5
0.0514966	-27160.6
0.0512067	-26440.4
0.0509169	-25745.9
0.0506267	-25069.5
0.0503363	-24391.8
0.050046	-23691.8
0.049756	-22957.9
0.0494659	-22191.7
0.0491756	-21406.7
0.0488853	-20618.4
0.0485952	-19837.1
0.0483053	-19064.6
0.048015	-18290.1
0.0477247	-17492.6
0.0474344	-16662.9
0.0471443	-15813.8
0.0468544	-14967.5
0.0465642	-14132.7
0.046274	-13302.4
0.0459838	-12457.2
0.0456935	-11579.6
0.0454036	-10665.6
0.0451136	-9727.7
0.0448234	-8788.75
0.044533	-7860.4
0.0442428	-6938.48
0.0439528	-6011.85
0.0436625	-5070.83
0.0433722	-4110.95
0.0430819	-3130.3
0.0427918	-2128.52
0.042502	-1106.24
0.0422117	-63.6974
0.0419211	998.573
0.0416309	2081.41
0.0413411	3187.42
0.0410512	4310.65
0.040761	5437.14
0.0404703	6558.41
0.0401801	7681.31
0.0398902	8825.61
0.0396003	10002.8
0.0393102	11204.1
0.0390196	12412
0.0387294	13616.1
0.0384395	14825
0.0381494	16054.9
0.037859	17311.5
0.0375687	18588.6
0.0372786	19876.4
0.0369886	21168.7
0.0366983	22468.5
0.0364079	23782.7
0.0361179	25120.3
0.0358279	26487.7
0.0355379	27881.9
0.0352477	29297.7
0.0349573	30729.2
0.0346671	32176.7
0.0343769	33645.3
0.034087	35137.4
0.0337969	36653.8
0.0335066	38190.6
0.0332162	39744
0.0329261	41311.3
0.0326361	42894.5
0.0323459	44498.9
0.0320556	46127.4
0.0317653	47779.3
0.0314752	49451.1
0.0311853	51141.1
0.030895	52850.3
0.0306045	54576.9
0.0303143	56318.4
0.0300245	58079.8
0.0297346	59869.1
0.0294444	61690.7
0.0291538	63542.5
0.0288635	65416.6
0.0285736	67312.6
0.0282838	69231
0.0279936	71170.5
0.0277031	73133
0.0274128	75117.6
0.0271228	77127.4
0.0268327	79167
0.0265424	81231.1
0.0262521	83317.8
0.0259619	85428.5
0.0256719	87564.3
0.0253816	89733.5
0.0250913	91933.2
0.0248013	94156.9
0.0245114	96405.3
0.0242214	98678.4
0.0239311	100980
0.0236407	103309
0.0233505	105667
0.0230604	108053
0.0227705	110463
0.0224803	112893
0.0221899	115346
0.0218996	117828
0.0216094	120344
0.0213195	122892
0.0210293	125472
0.0207389	128082
0.0204486	130719
0.0201586	133374
0.0198685	136047
0.0195782	138744
0.0192877	141469
0.0189976	144218
0.0187076	146987
0.0184177	149781
0.0181274	152607
0.0178367	155478
0.0175462	158395
0.0172561	161358
0.0169659	164365
0.0166754	167415
0.0163844	170506
0.0160935	173631
0.0158028	176794
0.0155119	179998
0.0152208	183229
0.0149293	186476
0.0146377	189723
0.0143462	192956
0.0140542	196182
0.0137619	199408
0.0134698	202640
0.0131776	205885
0.0128853	209151
0.0125925	212461
0.0122993	215829
0.0120066	219253
0.0117142	222731
0.0114219	226260
0.0111295	229829
0.0108369	233406
0.0105448	236941
0.0102534	240399
0.00996217	243770
0.00967094	247070
0.00937979	250324
0.00908896	253549
0.00879856	256749
0.00850816	259952
0.00821761	263209
0.00792724	266563
0.00763715	270034
0.00734723	273580
0.00705705	277126
0.00676671	280602
0.00647631	283966
0.00618606	287213
0.0058961	290358
0.00560604	293419
0.00531594	296413
0.00502555	299370
0.00473518	302305
0.00444514	305184
0.00415501	307914
0.00386479	310388
0.00357435	312641
0.00328405	314883
0.00299405	317295
0.00270372	319798
0.00241318	322205
0.00212704	324521
0.00185812	326971
0.00162697	329558
0.00144016	332055
0.00128863	334378
0.00116633	336225
0.00106351	342223
0.000968634	357367
0.000872428	379396
0.00077585	403058
0.000679346	427346
0.000583008	452294
0.000486503	478052
0.00038935	504728
0.000291725	532205
0.000194087	560332
9.67429e-05	589488
-1.95156e-18	616267
-0.000100177	635788
-0.000200142	647845
-0.000300101	656899
-0.00040033	665151
-0.000500868	673339
-0.000601687	681633
-0.000702759	690029
-0.000804056	698512
-0.000905549	707086
-0.00100721	715739
-0.00110901	724433
-0.00121092	733132
-0.0013129	741839
-0.00141494	750555
-0.001517	759248
-0.00161905	767913
-0.00172108	776588
-0.00182309	785291
-0.00192506	794012
-0.00202695	802736
-0.00212873	811457
-0.00223029	820175
-0.00233153	828883
-0.00243234	837571
-0.00253266	846188
-0.00263301	854726
-0.00273389	863286
-0.00283518	871941
-0.00293679	880701
-0.00303863	889573
-0.00314058	898459
-0.00324255	907266
-0.00334444	916023
-0.00344613	924777
-0.00354754	933498
-0.00364856	942145
-0.00374909	950752
-0.00384916	959312
-0.00394887	967812
-0.00404851	976301
-0.00414833	984803
-0.00424846	993314
-0.00434891	1.00184e+06
-0.00444974	1.0104e+06
-0.00455075	1.01894e+06
-0.00465144	1.02745e+06
-0.00475124	1.03587e+06
-0.00485092	1.04427e+06
-0.00495143	1.0527e+06
-0.00505219	1.06113e+06
-0.00515262	1.06951e+06
-0.0052523	1.07782e+06
-0.00535173	1.08609e+06
-0.00545175	1.09437e+06
-0.00555221	1.10267e+06
-0.00565249	1.11092e+06
-0.00575187	1.11909e+06
-0.00585101	1.12721e+06
-0.00595083	1.13535e+06
-0.00605091	1.14348e+06
-0.00615051	1.15154e+06
-0.00624921	1.15952e+06
-0.00634777	1.16745e+06
-0.0064469	1.17539e+06
-0.00654633	1.18332e+06
-0.00664559	1.1912e+06
-0.00674395	1.19899e+06
-0.00684193	1.20671e+06
-0.00694048	1.21445e+06
-0.00703915	1.22215e+06
-0.00713704	1.22977e+06
-0.00723463	1.23734e+06
-0.00733278	1.24491e+06
-0.00743089	1.25243e+06
-0.00752844	1.25988e+06
-0.00762615	1.26731e+06
-0.00772377	1.27469e+06
-0.00782124	1.28203e+06
-0.00791904	1.28934e+06
-0.00801663	1.29661e+06
-0.00811357	1.30379e+06
-0.00821056	1.31093e+06
-0.00830772	1.31804e+06
-0.00840478	1.32511e+06
-0.00850186	1.33213e+06
-0.00859868	1.3391e+06
-0.00869476	1.34598e+06
-0.00879076	1.35282e+06
-0.00888725	1.35964e+06
-0.00898356	1.36641e+06
-0.00907955	1.37311e+06
-0.00917534	1.37976e+06
-0.00927032	1.38632e+06
-0.00936511	1.39282e+06
-0.00946051	1.39931e+06
-0.00955551	1.40573e+06
-0.00965	1.41208e+06
-0.0097445	1.41839e+06
-0.00983852	1.42462e+06
-0.00993225	1.4308e+06
-0.0100261	1.43694e+06
-0.0101201	1.44304e+06
-0.0102138	1.44908e+06
-0.0103071	1.45506e+06
-0.0104008	1.46102e+06
-0.0104946	1.46694e+06
-0.0105882	1.4728e+06
-0.0106811	1.47858e+06
-0.0107739	1.48432e+06
-0.0108673	1.49004e+06
-0.0109604	1.49569e+06
-0.0110522	1.50124e+06
-0.0111439	1.50673e+06
-0.0112364	1.51223e+06
-0.0113285	1.51765e+06
-0.0114197	1.52299e+06
-0.0115109	1.52828e+06
-0.0116022	1.53353e+06
-0.0116927	1.5387e+06
-0.0117829	1.54381e+06
-0.011873	1.54887e+06
-0.011963	1.55388e+06
-0.0120527	1.55884e+06
-0.0121421	1.56374e+06
-0.0122314	1.5686e+06
-0.0123204	1.57339e+06
-0.0124091	1.57813e+06
-0.0124977	1.58283e+06
-0.0125861	1.58748e+06
-0.0126744	1.59208e+06
-0.012763	1.59665e+06
-0.0128511	1.60115e+06
-0.0129384	1.60559e+06
-0.0130258	1.60999e+06
-0.013114	1.61438e+06
-0.0132015	1.6187e+06
-0.0132881	1.62295e+06
-0.0133741	1.62713e+06
-0.0134601	1.63127e+06
-0.0135459	1.63537e+06
-0.0136315	1.63942e+06
-0.0137172	1.64343e+06
-0.0138023	1.64739e+06
-0.013887	1.65129e+06
-0.0139719	1.65516e+06
-0.0140571	1.65902e+06
-0.0141415	1.66279e+06
-0.0142255	1.66652e+06
-0.0143092	1.67021e+06
-0.0143921	1.67382e+06
-0.0144749	1.6774e+06
-0.0145578	1.68095e+06
-0.0146407	1.68447e+06
-0.0147233	1.68795e+06
-0.0148063	1.69141e+06
-0.0148886	1.69481e+06
-0.0149699	1.69814e+06
-0.0150507	1.70142e+06
-0.0151314	1.70467e+06
-0.0152119	1.70788e+06
-0.0152921	1.71104e+06
-0.0153725	1.71419e+06
-0.0154524	1.71729e+06
-0.0155325	1.72038e+06
-0.0156129	1.72344e+06
-0.0156926	1.72645e+06
-0.0157724	1.72944e+06
-0.0158515	1.73237e+06
-0.0159297	1.73525e+06
-0.0160078	1.7381e+06
-0.0160852	1.7409e+06
-0.0161626	1.74368e+06
-0.0162397	1.74642e+06
-0.0163161	1.74912e+06
-0.0163921	1.75178e+06
-0.0164683	1.75442e+06
-0.0165441	1.75703e+06
-0.0166195	1.75961e+06
-0.0166956	1.76218e+06
-0.0167707	1.76471e+06
-0.0168457	1.76722e+06
-0.016921	1.76971e+06
-0.0169951	1.77215e+06
-0.017069	1.77457e+06
-0.0171422	1.77695e+06
-0.0172146	1.77929e+06
-0.0172869	1.78161e+06
-0.0173585	1.7839e+06
-0.0174298	1.78617e+06
-0.0175007	1.78842e+06
-0.0175708	1.79063e+06
-0.0176408	1.79285e+06
-0.0177103	1.79504e+06
-0.0177792	1.79722e+06
-0.017848	1.7994e+06
-0.0179157	1.80156e+06
-0.0179833	1.80374e+06
-0.0180504	1.80593e+06
-0.018117	1.80817e+06
-0.0181843	1.81058e+06
-0.0182558	1.81303e+06
-0.0183425	1.81562e+06
-0.0184555	1.81869e+06
-0.0185946	1.82211e+06
-0.0187709	1.82604e+06
-0.0189925	1.83048e+06
-0.0192602	1.83527e+06
-0.0195695	1.84012e+06
-0.0199029	1.84472e+06
-0.0202433	1.84886e+06
-0.0205839	1.85258e+06
-0.0209243	1.85596e+06
-0.0212646	1.85903e+06
-0.0216048	1.86184e+06
-0.0219451	1.86441e+06
-0.0222851	1.86675e+06
-0.0226252	1.86891e+06
-0.0229646	1.87088e+06
-0.023304	1.87272e+06
-0.0236439	1.87442e+06
-0.0239838	1.876e+06
-0.0243241	1.87747e+06
-0.0246643	1.87884e+06
-0.0250048	1.88013e+06
-0.0253449	1.88133e+06
-0.0256851	1.88245e+06
-0.0260248	1.8835e+06
-0.0263644	1.88449e+06
-0.0267039	1.88542e+06
-0.0270431	1.8863e+06
-0.0273831	1.88713e+06
-0.0277227	1.88792e+06
-0.0280627	1.88865e+06
-0.0284024	1.88935e+06
-0.0287419	1.89001e+06
-0.0290815	1.89063e+06
-0.0294212	1.89123e+06
-0.0297607	1.89178e+06
-0.0301004	1.89231e+06
-0.0304401	1.89281e+06
-0.0307802	1.89328e+06
-0.0311202	1.89371e+06
-0.0314602	1.89411e+06
-0.0317998	1.89448e+06
-0.0321387	1.89482e+06
-0.0324767	1.89511e+06
-0.0328131	1.89536e+06
-0.0331479	1.89558e+06
-0.0334803	1.89575e+06
-0.0338107	1.89587e+06
-0.0341398	1.89594e+06
-0.0344666	1.89599e+06
-0.0347919	1.89601e+06
-0.0351155	1.896e+06
-0.0354377	1.89599e+06
-0.0357586	1.896e+06
-0.0360787	1.89636e+06
-0.0363985	1.89657e+06
-0.03672	1.89608e+06
)
